Energy (MeV/u)1	0 - [He-base] F.Hubert et al, AD&ND Tables 46(1990)1	Energy (MeV/u)2	1 - [H -base] J.F.Ziegler et al, Pergamon Press, NY (low energy)	Energy (MeV/u)3	2 - ATIMA 1.2  LS-theory (recommended for high energy)	Energy (MeV/u)4	3 - ATIMA 1.2  without LS-correction	Energy (MeV/u)5	4 - electrical component of [1] - J.F.Ziegler et al	Energy (MeV/u)6	5 - nuclear component of [1] - J.F.Ziegler et al	
0.001000	0.987438  	0.001000	0.987438  	0.001000	1.1225    	0.001000	1.1225    	0.001000	0.556434  	0.001000	0.431005  	
0.002000	1.07795   	0.002000	1.07795   	0.002000	1.23769   	0.002000	1.23769   	0.002000	0.721605  	0.002000	0.356343  	
0.005000	1.2583    	0.005000	1.2583    	0.005000	1.45539   	0.005000	1.45539   	0.005000	1.01748   	0.005000	0.24082   	
0.008000	1.40042   	0.008000	1.40042   	0.008000	1.61858   	0.008000	1.61858   	0.008000	1.21359   	0.008000	0.186833  	
0.010000	1.48341   	0.010000	1.48341   	0.010000	1.71194   	0.010000	1.71194   	0.010000	1.31951   	0.010000	0.163898  	
0.015000	1.70938   	0.015000	1.70938   	0.015000	1.94429   	0.015000	1.94429   	0.015000	1.58211   	0.015000	0.127269  	
0.020000	2.08226   	0.020000	2.08226   	0.020000	2.27661   	0.020000	2.27661   	0.020000	1.97699   	0.020000	0.105267  	
0.025000	2.442     	0.025000	2.442     	0.025000	2.60456   	0.025000	2.60456   	0.025000	2.35162   	0.025000	0.0903847 	
0.030000	2.78331   	0.030000	2.78331   	0.030000	2.88785   	0.030000	2.88785   	0.030000	2.70376   	0.030000	0.0795564 	
0.035000	3.1016    	0.035000	3.1016    	0.035000	3.15149   	0.035000	3.15149   	0.035000	3.03097   	0.035000	0.0706263 	
0.040000	3.39564   	0.040000	3.39564   	0.040000	3.39672   	0.040000	3.39672   	0.040000	3.33151   	0.040000	0.0641368 	
0.045000	3.66331   	0.045000	3.66331   	0.045000	3.62289   	0.045000	3.62289   	0.045000	3.60446   	0.045000	0.0588443 	
0.050000	3.90422   	0.050000	3.90422   	0.050000	3.83036   	0.050000	3.83036   	0.050000	3.84978   	0.050000	0.0544362 	
0.055000	4.11884   	0.055000	4.11884   	0.055000	4.01968   	0.055000	4.01968   	0.055000	4.06814   	0.055000	0.0507016 	
0.060000	4.30828   	0.060000	4.30828   	0.060000	4.19157   	0.060000	4.19157   	0.060000	4.26079   	0.060000	0.0474925 	
0.070000	4.6182    	0.070000	4.6182    	0.070000	4.48658   	0.070000	4.48658   	0.070000	4.57595   	0.070000	0.0422507 	
0.080000	4.84922   	0.080000	4.84922   	0.080000	4.72321   	0.080000	4.72321   	0.080000	4.81108   	0.080000	0.0381388 	
0.090000	5.01978   	0.090000	5.01978   	0.090000	4.90984   	0.090000	4.90984   	0.090000	4.98497   	0.090000	0.034818  	
0.100000	5.14994   	0.100000	5.14994   	0.100000	5.05463   	0.100000	5.05463   	0.100000	5.11787   	0.100000	0.0320744 	
0.120000	5.30689   	0.120000	5.30689   	0.120000	5.24772   	0.120000	5.24772   	0.120000	5.27909   	0.120000	0.0277931 	
0.140000	5.38039   	0.140000	5.38039   	0.140000	5.35121   	0.140000	5.35121   	0.140000	5.3558    	0.140000	0.0245941 	
0.160000	5.40523   	0.160000	5.40523   	0.160000	5.39914   	0.160000	5.39914   	0.160000	5.38312   	0.160000	0.0221046 	
0.180000	5.38753   	0.180000	5.38753   	0.180000	5.41376   	0.180000	5.41376   	0.180000	5.36742   	0.180000	0.0201069 	
0.200000	5.36499   	0.200000	5.36499   	0.200000	5.40897   	0.200000	5.40897   	0.200000	5.34652   	0.200000	0.0184653 	
0.250000	5.30585   	0.250000	5.30585   	0.250000	5.35933   	0.250000	5.35933   	0.250000	5.29046   	0.250000	0.0153976 	
0.300000	5.32557   	0.300000	5.32557   	0.300000	5.29363   	0.300000	5.29363   	0.300000	5.31232   	0.300000	0.0132571 	
0.350000	5.35674   	0.350000	5.35674   	0.350000	5.22675   	0.350000	5.22675   	0.350000	5.34507   	0.350000	0.0116718 	
0.400000	5.33506   	0.400000	5.33506   	0.400000	5.16863   	0.400000	5.16863   	0.400000	5.32461   	0.400000	0.0104467 	
0.450000	5.29361   	0.450000	5.29361   	0.450000	5.14625   	0.450000	5.14625   	0.450000	5.28414   	0.450000	0.00946937	
0.500000	5.26896   	0.500000	5.26896   	0.500000	5.1114    	0.500000	5.1114    	0.500000	5.26029   	0.500000	0.00867007	
0.600000	5.20363   	0.600000	5.20363   	0.600000	5.01763   	0.600000	5.01763   	0.600000	5.19619   	0.600000	0.00743795	
0.700000	5.11496   	0.700000	5.11496   	0.700000	4.89313   	0.700000	4.89313   	0.700000	5.10843   	0.700000	0.00652967	
0.800000	5.0043    	0.800000	5.0043    	0.800000	4.76174   	0.800000	4.76174   	0.800000	4.99847   	0.800000	0.00583041	
0.900000	4.88743   	0.900000	4.88743   	0.900000	4.63143   	0.900000	4.63143   	0.900000	4.88216   	0.900000	0.00527427	
1.000000	4.76829   	1.000000	4.76829   	1.000000	4.50405   	1.000000	4.50405   	1.000000	4.76347   	1.000000	0.00482066	
1.250000	4.44114   	1.250000	4.44114   	1.250000	4.19806   	1.250000	4.19806   	1.250000	4.43716   	1.250000	0.0039816 	
1.500000	4.09884   	1.500000	4.09884   	1.500000	3.91167   	1.500000	3.91167   	1.500000	4.09544   	1.500000	0.00340316	
1.750000	3.80931   	1.750000	3.80931   	1.750000	3.66623   	1.750000	3.66623   	1.750000	3.80633   	1.750000	0.00297871	
2.000000	3.53638   	2.000000	3.53638   	2.000000	3.45175   	2.000000	3.45175   	2.000000	3.53373   	2.000000	0.00265314	
2.250000	3.30513   	2.250000	3.30513   	2.250000	3.26209   	2.250000	3.26209   	2.250000	3.30274   	2.250000	0.00239503	
2.500000	3.15886   	2.500000	3.1104    	2.500000	3.09298   	2.500000	3.09298   	2.500000	3.10822   	2.500000	0.00218505	
3.000000	2.84994   	3.000000	2.796     	3.000000	2.80429   	3.000000	2.80429   	3.000000	2.79414   	3.000000	0.00186345	
3.500000	2.59715   	3.500000	2.54806   	3.500000	2.56711   	3.500000	2.56711   	3.500000	2.54643   	3.500000	0.0016281 	
4.000000	2.38705   	4.000000	2.34653   	4.000000	2.36893   	4.000000	2.36893   	4.000000	2.34508   	4.000000	0.00144798	
4.500000	2.20989   	4.500000	2.17863   	4.500000	2.20095   	4.500000	2.20095   	4.500000	2.17732   	4.500000	0.00130543	
5.000000	2.05856   	5.000000	2.03587   	5.000000	2.05678   	5.000000	2.05678   	5.000000	2.03468   	5.000000	0.00118965	
5.500000	1.9278    	5.500000	1.91263   	5.500000	1.93168   	5.500000	1.93168   	5.500000	1.91153   	5.500000	0.00109364	
6.000000	1.8137    	6.000000	1.80494   	6.000000	1.82207   	6.000000	1.82207   	6.000000	1.80393   	6.000000	0.00101267	
6.500000	1.71323   	6.500000	1.70992   	6.500000	1.72523   	6.500000	1.72523   	6.500000	1.70898   	6.500000	0.000943396	
7.000000	1.62409   	7.000000	1.62538   	7.000000	1.63901   	7.000000	1.63901   	7.000000	1.6245    	7.000000	0.000883427	
7.500000	1.54444   	7.500000	1.54961   	7.500000	1.56174   	7.500000	1.56174   	7.500000	1.54878   	7.500000	0.000830977	
8.000000	1.47283   	8.000000	1.48129   	8.000000	1.49205   	8.000000	1.49205   	8.000000	1.4805    	8.000000	0.000784693	
8.500000	1.40809   	8.500000	1.41933   	8.500000	1.42888   	8.500000	1.42888   	8.500000	1.41858   	8.500000	0.000743532	
9.000000	1.34926   	9.000000	1.36286   	9.000000	1.37132   	9.000000	1.37132   	9.000000	1.36215   	9.000000	0.000706674	
9.500000	1.29556   	9.500000	1.31117   	9.500000	1.31864   	9.500000	1.31864   	9.500000	1.31049   	9.500000	0.000673468	
10.000000	1.24634   	10.000000	1.26934   	10.000000	1.27024   	10.000000	1.27024   	10.000000	1.2687    	10.000000	0.000643388	
11.000000	1.15923   	11.000000	1.18386   	11.000000	1.18237   	11.000000	1.18331   	11.000000	1.18327   	11.000000	0.000590969	
12.000000	1.08451   	12.000000	1.10963   	12.000000	1.10651   	12.000000	1.10806   	12.000000	1.10908   	12.000000	0.000546802	
13.000000	1.01967   	13.000000	1.04461   	13.000000	1.04031   	13.000000	1.04225   	13.000000	1.0441    	13.000000	0.000509054	
14.000000	0.962851  	14.000000	0.987202  	14.000000	0.981977  	14.000000	0.984175  	14.000000	0.986726  	14.000000	0.000476401	
15.000000	0.912624  	15.000000	0.936157  	15.000000	0.930148  	15.000000	0.932514  	15.000000	0.935709  	15.000000	0.000447864	
16.000000	0.867888  	16.000000	0.890475  	16.000000	0.883796  	16.000000	0.886237  	16.000000	0.890053  	16.000000	0.000422698	
17.000000	0.827774  	17.000000	0.849357  	17.000000	0.84208   	17.000000	0.844526  	17.000000	0.848957  	17.000000	0.000400332	
18.000000	0.791591  	18.000000	0.812151  	18.000000	0.804284  	18.000000	0.806721  	18.000000	0.811771  	18.000000	0.000380316	
19.000000	0.758776  	19.000000	0.778324  	19.000000	0.76987   	19.000000	0.772286  	19.000000	0.777962  	19.000000	0.000362293	
20.000000	0.728873  	20.000000	0.747434  	20.000000	0.738424  	20.000000	0.740782  	20.000000	0.747088  	20.000000	0.000345976	
21.000000	0.701503  	21.000000	0.719113  	21.000000	0.709571  	21.000000	0.711841  	21.000000	0.718782  	21.000000	0.000331128	
22.000000	0.676351  	22.000000	0.693051  	22.000000	0.682979  	22.000000	0.685157  	22.000000	0.692734  	22.000000	0.000317559	
23.000000	0.653154  	23.000000	0.668988  	23.000000	0.658381  	23.000000	0.660472  	23.000000	0.668683  	23.000000	0.000305106	
24.000000	0.631687  	24.000000	0.6467    	24.000000	0.635555  	24.000000	0.637565  	24.000000	0.646407  	24.000000	0.000293635	
25.000000	0.61176   	25.000000	0.625997  	25.000000	0.614318  	25.000000	0.616249  	25.000000	0.625714  	25.000000	0.000283034	
27.000000	0.575896  	27.000000	0.588707  	27.000000	0.576012  	27.000000	0.577762  	27.000000	0.588442  	27.000000	0.000264066	
29.000000	0.544503  	29.000000	0.556046  	29.000000	0.542427  	29.000000	0.543957  	29.000000	0.555798  	29.000000	0.00024758	
31.000000	0.51678   	31.000000	0.527195  	31.000000	0.513773  	31.000000	0.515026  	31.000000	0.526962  	31.000000	0.000233115	
33.000000	0.492106  	33.000000	0.501518  	33.000000	0.489212  	33.000000	0.49021   	33.000000	0.501297  	33.000000	0.000220314	
35.000000	0.469994  	35.000000	0.478513  	35.000000	0.467199  	35.000000	0.467974  	35.000000	0.478304  	35.000000	0.000208902	
38.000000	0.440805  	38.000000	0.448161  	38.000000	0.438133  	38.000000	0.438625  	38.000000	0.447967  	38.000000	0.000193926	
41.000000	0.415517  	41.000000	0.42189   	41.000000	0.412956  	41.000000	0.413204  	41.000000	0.421709  	41.000000	0.000181035	
44.000000	0.393384  	44.000000	0.398919  	44.000000	0.390854  	44.000000	0.390958  	44.000000	0.39875   	44.000000	0.000169816	
47.000000	0.373837  	47.000000	0.378658  	47.000000	0.371368  	47.000000	0.371317  	47.000000	0.378498  	47.000000	0.00015996	
50.000000	0.356439  	50.000000	0.360648  	50.000000	0.354015  	50.000000	0.353841  	50.000000	0.360496  	50.000000	0.00015123	
55.000000	0.331318  	55.000000	0.33469   	55.000000	0.328917  	55.000000	0.32862   	55.000000	0.334551  	55.000000	0.000138696	
60.000000	0.310049  	60.000000	0.312767  	60.000000	0.307673  	60.000000	0.307284  	60.000000	0.312639  	60.000000	0.000128154	
65.000000	0.291793  	65.000000	0.293996  	65.000000	0.28942   	65.000000	0.288986  	65.000000	0.293877  	65.000000	0.000119158	
70.000000	0.275939  	70.000000	0.277737  	70.000000	0.273626  	70.000000	0.273112  	70.000000	0.277625  	70.000000	0.000111389	
75.000000	0.262031  	75.000000	0.263511  	75.000000	0.259735  	75.000000	0.259204  	75.000000	0.263406  	75.000000	0.000104607	
80.000000	0.249724  	80.000000	0.250955  	80.000000	0.247491  	80.000000	0.246912  	80.000000	0.250857  	80.000000	9.86346e-05	
85.000000	0.238751  	85.000000	0.23979   	85.000000	0.236553  	85.000000	0.235967  	85.000000	0.239697  	85.000000	9.33323e-05	
90.000000	0.2289    	90.000000	0.229793  	90.000000	0.226781  	90.000000	0.226157  	90.000000	0.229705  	90.000000	8.85921e-05	
95.000000	0.220005  	95.000000	0.22079   	95.000000	0.217936  	95.000000	0.217311  	95.000000	0.220705  	95.000000	8.43281e-05	
100.000000	0.211928  	100.000000	0.212636  	100.000000	0.209919  	100.000000	0.209293  	100.000000	0.212556  	100.000000	8.04711e-05	
105.000000	0.20456   	105.000000	0.205217  	105.000000	0.202615  	105.000000	0.201991  	105.000000	0.20514   	105.000000	7.69647e-05	
110.000000	0.197808  	110.000000	0.198436  	110.000000	0.195958  	110.000000	0.195311  	110.000000	0.198362  	110.000000	7.37626e-05	
115.000000	0.191597  	115.000000	0.192214  	115.000000	0.189832  	115.000000	0.189178  	115.000000	0.192143  	115.000000	7.08263e-05	
120.000000	0.185862  	120.000000	0.186484  	120.000000	0.184174  	120.000000	0.183525  	120.000000	0.186416  	120.000000	6.81237e-05	
125.000000	0.180549  	125.000000	0.181189  	125.000000	0.178946  	125.000000	0.178298  	125.000000	0.181124  	125.000000	6.56275e-05	
130.000000	0.175612  	130.000000	0.176281  	130.000000	0.174097  	130.000000	0.173451  	130.000000	0.176218  	130.000000	6.33148e-05	
135.000000	0.171011  	135.000000	0.17172   	135.000000	0.169586  	135.000000	0.168943  	135.000000	0.171658  	135.000000	6.11657e-05	
140.000000	0.166713  	140.000000	0.167468  	140.000000	0.165381  	140.000000	0.164739  	140.000000	0.167409  	140.000000	5.91632e-05	
145.000000	0.162687  	145.000000	0.163496  	145.000000	0.16145   	145.000000	0.160811  	145.000000	0.163439  	145.000000	5.72926e-05	
150.000000	0.158908  	150.000000	0.159777  	150.000000	0.157767  	150.000000	0.157131  	150.000000	0.159721  	150.000000	5.55412e-05	
155.000000	0.153265  	155.000000	0.156287  	155.000000	0.15431   	155.000000	0.153676  	155.000000	0.156233  	155.000000	5.38978e-05	
160.000000	0.150143  	160.000000	0.153005  	160.000000	0.151059  	160.000000	0.150427  	160.000000	0.152953  	160.000000	5.23525e-05	
165.000000	0.147198  	165.000000	0.149914  	165.000000	0.147995  	165.000000	0.147366  	165.000000	0.149863  	165.000000	5.08967e-05	
170.000000	0.144414  	170.000000	0.146996  	170.000000	0.145103  	170.000000	0.144477  	170.000000	0.146947  	170.000000	4.95228e-05	
175.000000	0.141778  	175.000000	0.144239  	175.000000	0.142369  	175.000000	0.141745  	175.000000	0.144191  	175.000000	4.82239e-05	
180.000000	0.13928   	180.000000	0.141629  	180.000000	0.13978   	180.000000	0.139158  	180.000000	0.141582  	180.000000	4.6994e-05	
185.000000	0.136907  	185.000000	0.139154  	185.000000	0.137325  	185.000000	0.136706  	185.000000	0.139108  	185.000000	4.58276e-05	
190.000000	0.134651  	190.000000	0.136804  	190.000000	0.134994  	190.000000	0.134377  	190.000000	0.136759  	190.000000	4.472e-05 	
195.000000	0.132504  	195.000000	0.13457   	195.000000	0.132777  	195.000000	0.132163  	195.000000	0.134527  	195.000000	4.36666e-05	
200.000000	0.130457  	200.000000	0.132444  	200.000000	0.130668  	200.000000	0.130056  	200.000000	0.132401  	200.000000	4.26637e-05	
210.000000	0.126637  	210.000000	0.128485  	210.000000	0.126739  	210.000000	0.126132  	210.000000	0.128444  	210.000000	4.07948e-05	
220.000000	0.123144  	220.000000	0.124873  	220.000000	0.123155  	220.000000	0.122553  	220.000000	0.124834  	220.000000	3.90887e-05	
230.000000	0.119936  	230.000000	0.121566  	230.000000	0.119874  	230.000000	0.119276  	230.000000	0.121529  	230.000000	3.75246e-05	
240.000000	0.11698   	240.000000	0.118526  	240.000000	0.116858  	240.000000	0.116264  	240.000000	0.11849   	240.000000	3.60853e-05	
250.000000	0.114248  	250.000000	0.115723  	250.000000	0.114079  	250.000000	0.113487  	250.000000	0.115688  	250.000000	3.47563e-05	
260.000000	0.111714  	260.000000	0.11313   	260.000000	0.111501  	260.000000	0.11092   	260.000000	0.113096  	260.000000	3.35252e-05	
270.000000	0.109358  	270.000000	0.110724  	270.000000	0.109106  	270.000000	0.108539  	270.000000	0.110691  	270.000000	3.23815e-05	
280.000000	0.107162  	280.000000	0.108486  	280.000000	0.10689   	280.000000	0.106325  	280.000000	0.108455  	280.000000	3.1316e-05	
290.000000	0.10511   	290.000000	0.106399  	290.000000	0.104825  	290.000000	0.104262  	290.000000	0.106369  	290.000000	3.03209e-05	
300.000000	0.103188  	300.000000	0.10445   	300.000000	0.102894  	300.000000	0.102335  	300.000000	0.10442   	300.000000	2.93894e-05	
310.000000	0.101384  	310.000000	0.102624  	310.000000	0.101088  	310.000000	0.100532  	310.000000	0.102595  	310.000000	2.85154e-05	
320.000000	0.0996888 	320.000000	0.10091   	320.000000	0.0993941 	320.000000	0.0988407 	320.000000	0.100883  	320.000000	2.76938e-05	
330.000000	0.0980917 	330.000000	0.0992995 	330.000000	0.0978021 	330.000000	0.0972519 	330.000000	0.0992726 	330.000000	2.692e-05 	
340.000000	0.096585  	340.000000	0.0977828 	340.000000	0.0963047 	340.000000	0.0957567 	340.000000	0.0977566 	340.000000	2.61897e-05	
350.000000	0.0951613 	350.000000	0.0963522 	350.000000	0.0948939 	350.000000	0.0943474 	350.000000	0.0963267 	350.000000	2.54995e-05	
360.000000	0.093814  	360.000000	0.0950008 	360.000000	0.0935572 	360.000000	0.093017  	360.000000	0.0949759 	360.000000	2.4846e-05	
370.000000	0.0925373 	370.000000	0.0937223 	370.000000	0.0922899 	370.000000	0.0917593 	370.000000	0.0936981 	370.000000	2.42263e-05	
380.000000	0.0913258 	380.000000	0.0925113 	380.000000	0.0910946 	380.000000	0.0905688 	380.000000	0.0924877 	380.000000	2.3638e-05	
390.000000	0.0901749 	390.000000	0.0913626 	390.000000	0.0899652 	390.000000	0.0894404 	390.000000	0.0913395 	390.000000	2.30785e-05	
400.000000	0.0890803 	400.000000	0.0902717 	400.000000	0.088893  	400.000000	0.0883697 	400.000000	0.0902492 	400.000000	2.25459e-05	
410.000000	0.0880379 	410.000000	0.0892346 	410.000000	0.0878734 	410.000000	0.0873524 	410.000000	0.0892126 	410.000000	2.20382e-05	
420.000000	0.0870444 	420.000000	0.0882475 	420.000000	0.0869037 	420.000000	0.0863849 	420.000000	0.088226  	420.000000	2.15537e-05	
430.000000	0.0860965 	430.000000	0.087307  	430.000000	0.085981  	430.000000	0.0854638 	430.000000	0.0872859 	430.000000	2.10908e-05	
440.000000	0.0851911 	440.000000	0.0864101 	440.000000	0.0851024 	440.000000	0.084586  	440.000000	0.0863894 	440.000000	2.0648e-05	
450.000000	0.0843258 	450.000000	0.0855539 	450.000000	0.0842633 	450.000000	0.0837487 	450.000000	0.0855336 	450.000000	2.02242e-05	
460.000000	0.0834979 	460.000000	0.0847358 	460.000000	0.0834589 	460.000000	0.0829493 	460.000000	0.084716  	460.000000	1.9818e-05	
470.000000	0.0827052 	470.000000	0.0839535 	470.000000	0.0826886 	470.000000	0.0821855 	470.000000	0.0839341 	470.000000	1.94284e-05	
480.000000	0.0819457 	480.000000	0.0832049 	480.000000	0.0819535 	480.000000	0.081455  	480.000000	0.0831858 	480.000000	1.90544e-05	
490.000000	0.0812174 	490.000000	0.0824878 	490.000000	0.0812527 	490.000000	0.0807559 	490.000000	0.0824691 	490.000000	1.8695e-05	
500.000000	0.0805186 	500.000000	0.0818005 	500.000000	0.0805825 	500.000000	0.0800863 	500.000000	0.0817822 	500.000000	1.83494e-05	
520.000000	0.0792029 	520.000000	0.0805087 	520.000000	0.0793227 	520.000000	0.0788289 	520.000000	0.080491  	520.000000	1.76965e-05	
540.000000	0.0779868 	540.000000	0.0793171 	540.000000	0.0781618 	540.000000	0.0776707 	540.000000	0.0793    	540.000000	1.709e-05 	
560.000000	0.0768603 	560.000000	0.0782154 	560.000000	0.0770899 	560.000000	0.0766012 	560.000000	0.0781989 	560.000000	1.65252e-05	
580.000000	0.0758146 	580.000000	0.0771945 	580.000000	0.0760966 	580.000000	0.0756114 	580.000000	0.0771785 	580.000000	1.59977e-05	
600.000000	0.0748421 	600.000000	0.0762465 	600.000000	0.0751727 	600.000000	0.0746933 	600.000000	0.076231  	600.000000	1.55041e-05	
620.000000	0.0739361 	620.000000	0.0753646 	620.000000	0.0743139 	620.000000	0.0738401 	620.000000	0.0753496 	620.000000	1.5041e-05	
640.000000	0.0730907 	640.000000	0.0745428 	640.000000	0.0735171 	640.000000	0.0730457 	640.000000	0.0745282 	640.000000	1.46057e-05	
660.000000	0.0723006 	660.000000	0.0737757 	660.000000	0.0727749 	660.000000	0.0723048 	660.000000	0.0737615 	660.000000	1.41958e-05	
680.000000	0.0715614 	680.000000	0.0730586 	680.000000	0.072081  	680.000000	0.0716127 	680.000000	0.0730448 	680.000000	1.3809e-05	
700.000000	0.0708689 	700.000000	0.0723874 	700.000000	0.0714321 	700.000000	0.0709651 	700.000000	0.072374  	700.000000	1.34435e-05	
720.000000	0.0702193 	720.000000	0.0717583 	720.000000	0.0708246 	720.000000	0.0703585 	720.000000	0.0717452 	720.000000	1.30975e-05	
740.000000	0.0696095 	740.000000	0.071168  	740.000000	0.070253  	740.000000	0.0697893 	740.000000	0.0711553 	740.000000	1.27694e-05	
760.000000	0.0690365 	760.000000	0.0706136 	760.000000	0.0697134 	760.000000	0.0692547 	760.000000	0.0706011 	760.000000	1.2458e-05	
780.000000	0.0684976 	780.000000	0.0700923 	780.000000	0.0692058 	780.000000	0.0687519 	780.000000	0.0700801 	780.000000	1.21619e-05	
800.000000	0.0679904 	800.000000	0.0696016 	800.000000	0.0687299 	800.000000	0.0682786 	800.000000	0.0695898 	800.000000	1.188e-05 	
820.000000	0.0675127 	820.000000	0.0691395 	820.000000	0.0682852 	820.000000	0.0678348 	820.000000	0.0691279 	820.000000	1.16113e-05	
840.000000	0.0670625 	840.000000	0.068704  	840.000000	0.0678763 	840.000000	0.0674265 	840.000000	0.0686926 	840.000000	1.1355e-05	
860.000000	0.0666381 	860.000000	0.0682931 	860.000000	0.0674898 	860.000000	0.067041  	860.000000	0.068282  	860.000000	1.11101e-05	
880.000000	0.0662378 	880.000000	0.0679053 	880.000000	0.0671246 	880.000000	0.0666769 	880.000000	0.0678944 	880.000000	1.08759e-05	
900.000000	0.0658601 	900.000000	0.0675391 	900.000000	0.0667795 	900.000000	0.0663327 	900.000000	0.0675285 	900.000000	1.06517e-05	
920.000000	0.0655035 	920.000000	0.0671931 	920.000000	0.0664533 	920.000000	0.0660069 	920.000000	0.0671827 	920.000000	1.04369e-05	
940.000000	0.0651669 	940.000000	0.066866  	940.000000	0.0661441 	940.000000	0.0656985 	940.000000	0.0668558 	940.000000	1.02308e-05	
960.000000	0.064849  	960.000000	0.0665568 	960.000000	0.0658502 	960.000000	0.0654064 	960.000000	0.0665467 	960.000000	1.0033e-05	
980.000000	0.0645489 	980.000000	0.0662642 	980.000000	0.0655704 	980.000000	0.0651294 	980.000000	0.0662543 	980.000000	9.84303e-06	
1000.000000	0.0642654 	1000.000000	0.0659874 	1000.000000	0.0653046 	1000.000000	0.0648667 	1000.000000	0.0659777 	1000.000000	9.66033e-06	
1020.000000	0.0639977 	1020.000000	0.0657254 	1020.000000	0.0650525 	1020.000000	0.0646174 	1020.000000	0.0657159 	1020.000000	9.48451e-06	
1040.000000	0.0637449 	1040.000000	0.0654774 	1040.000000	0.0648139 	1040.000000	0.0643807 	1040.000000	0.065468  	1040.000000	9.3152e-06	
1060.000000	0.0635063 	1060.000000	0.0652426 	1060.000000	0.0645881 	1060.000000	0.0641558 	1060.000000	0.0652334 	1060.000000	9.15203e-06	
1080.000000	0.063281  	1080.000000	0.0650203 	1080.000000	0.064374  	1080.000000	0.0639422 	1080.000000	0.0650113 	1080.000000	8.99467e-06	
1100.000000	0.0630685 	1100.000000	0.0648098 	1100.000000	0.0641705 	1100.000000	0.063739  	1100.000000	0.064801  	1100.000000	8.84282e-06	
1120.000000	0.0628681 	1120.000000	0.0646106 	1120.000000	0.0639769 	1120.000000	0.0635458 	1120.000000	0.0646019 	1120.000000	8.69619e-06	
1140.000000	0.0626791 	1140.000000	0.064422  	1140.000000	0.0637925 	1140.000000	0.063362  	1140.000000	0.0644134 	1140.000000	8.5545e-06	
1160.000000	0.0625011 	1160.000000	0.0642434 	1160.000000	0.0636169 	1160.000000	0.0631871 	1160.000000	0.064235  	1160.000000	8.41751e-06	
1180.000000	0.0623336 	1180.000000	0.0640745 	1180.000000	0.0634498 	1180.000000	0.0630206 	1180.000000	0.0640662 	1180.000000	8.28499e-06	
1200.000000	0.0621759 	1200.000000	0.0639147 	1200.000000	0.0632907 	1200.000000	0.062862  	1200.000000	0.0639065 	1200.000000	8.15672e-06	
1220.000000	0.0620278 	1220.000000	0.0637636 	1220.000000	0.0631394 	1220.000000	0.062711  	1220.000000	0.0637555 	1220.000000	8.0325e-06	
1240.000000	0.0618886 	1240.000000	0.0636207 	1240.000000	0.0629953 	1240.000000	0.0625672 	1240.000000	0.0636128 	1240.000000	7.91213e-06	
1260.000000	0.0617582 	1260.000000	0.0634857 	1260.000000	0.0628579 	1260.000000	0.0624301 	1260.000000	0.0634779 	1260.000000	7.79544e-06	
1280.000000	0.061636  	1280.000000	0.0633582 	1280.000000	0.0627268 	1280.000000	0.0622995 	1280.000000	0.0633505 	1280.000000	7.68225e-06	
1300.000000	0.0615218 	1300.000000	0.0632379 	1300.000000	0.0626016 	1300.000000	0.062175  	1300.000000	0.0632304 	1300.000000	7.57242e-06	
1320.000000	0.0614152 	1320.000000	0.0631245 	1320.000000	0.0624819 	1320.000000	0.0620564 	1320.000000	0.063117  	1320.000000	7.46579e-06	
1340.000000	0.0613158 	1340.000000	0.0630176 	1340.000000	0.0623675 	1340.000000	0.0619433 	1340.000000	0.0630103 	1340.000000	7.36222e-06	
1360.000000	0.0612234 	1360.000000	0.062917  	1360.000000	0.0622581 	1360.000000	0.0618354 	1360.000000	0.0629097 	1360.000000	7.26159e-06	
1380.000000	0.0611377 	1380.000000	0.0628224 	1380.000000	0.0621537 	1380.000000	0.0617326 	1380.000000	0.0628152 	1380.000000	7.16376e-06	
1400.000000	0.0610585 	1400.000000	0.0627335 	1400.000000	0.0620541 	1400.000000	0.0616346 	1400.000000	0.0627265 	1400.000000	7.06862e-06	
1420.000000	0.0609855 	1420.000000	0.0626502 	1420.000000	0.0619593 	1420.000000	0.0615412 	1420.000000	0.0626432 	1420.000000	6.97606e-06	
1440.000000	0.0609184 	1440.000000	0.0625721 	1440.000000	0.0618691 	1440.000000	0.0614522 	1440.000000	0.0625652 	1440.000000	6.88597e-06	
1460.000000	0.060857  	1460.000000	0.0624991 	1460.000000	0.0617833 	1460.000000	0.0613673 	1460.000000	0.0624923 	1460.000000	6.79826e-06	
1480.000000	0.0608012 	1480.000000	0.062431  	1480.000000	0.0617018 	1480.000000	0.0612864 	1480.000000	0.0624243 	1480.000000	6.71284e-06	
1500.000000	0.0607506 	1500.000000	0.0623675 	1500.000000	0.0616243 	1500.000000	0.0612093 	1500.000000	0.0623609 	1500.000000	6.6296e-06	
1520.000000	0.0607052 	1520.000000	0.0623085 	1520.000000	0.0615505 	1520.000000	0.0611358 	1520.000000	0.062302  	1520.000000	6.54848e-06	
1540.000000	0.0606647 	1540.000000	0.0622539 	1540.000000	0.0614803 	1540.000000	0.0610658 	1540.000000	0.0622474 	1540.000000	6.46938e-06	
1560.000000	0.060629  	1560.000000	0.0622034 	1560.000000	0.0614135 	1560.000000	0.0609991 	1560.000000	0.062197  	1560.000000	6.39223e-06	
1580.000000	0.0605979 	1580.000000	0.0621569 	1580.000000	0.0613499 	1580.000000	0.0609357 	1580.000000	0.0621506 	1580.000000	6.31697e-06	
1600.000000	0.0605713 	1600.000000	0.0621143 	1600.000000	0.0612894 	1600.000000	0.0608752 	1600.000000	0.062108  	1600.000000	6.24351e-06	
1620.000000	0.0605489 	1620.000000	0.0620753 	1620.000000	0.0612317 	1620.000000	0.0608177 	1620.000000	0.0620692 	1620.000000	6.1718e-06	
1640.000000	0.0605307 	1640.000000	0.06204   	1640.000000	0.0611768 	1640.000000	0.060763  	1640.000000	0.0620339 	1640.000000	6.10178e-06	
1660.000000	0.0605165 	1660.000000	0.0620081 	1660.000000	0.0611245 	1660.000000	0.060711  	1660.000000	0.0620021 	1660.000000	6.03338e-06	
1680.000000	0.0605062 	1680.000000	0.0619795 	1680.000000	0.0610748 	1680.000000	0.0606616 	1680.000000	0.0619735 	1680.000000	5.96655e-06	
1700.000000	0.0604996 	1700.000000	0.0619541 	1700.000000	0.0610276 	1700.000000	0.0606146 	1700.000000	0.0619482 	1700.000000	5.90123e-06	
1750.000000	0.0604989 	1750.000000	0.0619041 	1750.000000	0.0609196 	1750.000000	0.0605073 	1750.000000	0.0618983 	1750.000000	5.74423e-06	
1800.000000	0.0605193 	1800.000000	0.0618718 	1800.000000	0.060825  	1800.000000	0.0604134 	1800.000000	0.0618662 	1800.000000	5.59563e-06	
1850.000000	0.0605592 	1850.000000	0.0618558 	1850.000000	0.0607426 	1850.000000	0.0603317 	1850.000000	0.0618504 	1850.000000	5.45478e-06	
1900.000000	0.0606173 	1900.000000	0.061855  	1900.000000	0.0606712 	1900.000000	0.060261  	1900.000000	0.0618497 	1900.000000	5.32106e-06	
1950.000000	0.0606923 	1950.000000	0.061868  	1950.000000	0.0606097 	1950.000000	0.0602003 	1950.000000	0.0618628 	1950.000000	5.19396e-06	
2000.000000	0.0607831 	2000.000000	0.061894  	2000.000000	0.0605571 	2000.000000	0.0601487 	2000.000000	0.0618889 	2000.000000	5.07298e-06	
2100.000000	0.0610081 	2100.000000	0.0619808 	2100.000000	0.0604759 	2100.000000	0.0600696 	2100.000000	0.061976  	2100.000000	4.84769e-06	
2200.000000	0.0612851 	2200.000000	0.062109  	2200.000000	0.0604223 	2200.000000	0.0600183 	2200.000000	0.0621044 	2200.000000	4.64215e-06	
2300.000000	0.0616083 	2300.000000	0.0622732 	2300.000000	0.0603921 	2300.000000	0.0599901 	2300.000000	0.0622687 	2300.000000	4.45386e-06	
2400.000000	0.0619727 	2400.000000	0.0624688 	2400.000000	0.0603821 	2400.000000	0.0599815 	2400.000000	0.0624645 	2400.000000	4.28071e-06	
2500.000000	0.0623742 	2500.000000	0.0626921 	2500.000000	0.0603891 	2500.000000	0.0599894 	2500.000000	0.0626879 	2500.000000	4.12092e-06	
2600.000000	0.062809  	2600.000000	0.0629398 	2600.000000	0.0604103 	2600.000000	0.0600111 	2600.000000	0.0629358 	2600.000000	3.97299e-06	
2700.000000	0.0632743 	2700.000000	0.0632092 	2700.000000	0.0604436 	2700.000000	0.0600447 	2700.000000	0.0632053 	2700.000000	3.83563e-06	
2800.000000	0.0637672 	2800.000000	0.0634979 	2800.000000	0.0604869 	2800.000000	0.0600883 	2800.000000	0.0634942 	2800.000000	3.70775e-06	
2900.000000	0.0642856 	2900.000000	0.063804  	2900.000000	0.0605387 	2900.000000	0.0601404 	2900.000000	0.0638004 	2900.000000	3.58837e-06	
3000.000000	0.0648273 	3000.000000	0.0641255 	3000.000000	0.0605976 	3000.000000	0.0601998 	3000.000000	0.0641221 	3000.000000	3.47668e-06	
3200.000000	0.0659744 	3200.000000	0.0648094 	3200.000000	0.060733  	3200.000000	0.060336  	3200.000000	0.0648061 	3200.000000	3.27351e-06	
3400.000000	0.0671966 	3400.000000	0.0655394 	3400.000000	0.060886  	3400.000000	0.06049   	3400.000000	0.0655363 	3400.000000	3.09345e-06	
3600.000000	0.0684849 	3600.000000	0.0663074 	3600.000000	0.0610518 	3600.000000	0.0606568 	3600.000000	0.0663045 	3600.000000	2.93271e-06	
3800.000000	0.069832  	3800.000000	0.0671073 	3800.000000	0.0612264 	3800.000000	0.0608323 	3800.000000	0.0671046 	3800.000000	2.78833e-06	
4000.000000	0.071232  	4000.000000	0.0679341 	4000.000000	0.0614071 	4000.000000	0.0610139 	4000.000000	0.0679315 	4000.000000	2.6579e-06	
4200.000000	0.07268   	4200.000000	0.0687838 	4200.000000	0.0615917 	4200.000000	0.0611993 	4200.000000	0.0687812 	4200.000000	2.53947e-06	
4400.000000	0.0741722 	4400.000000	0.0696529 	4400.000000	0.0617784 	4400.000000	0.0613868 	4400.000000	0.0696505 	4400.000000	2.43145e-06	
4600.000000	0.0757051 	4600.000000	0.0705388 	4600.000000	0.0619661 	4600.000000	0.0615751 	4600.000000	0.0705365 	4600.000000	2.3325e-06	
4800.000000	0.0772761 	4800.000000	0.0714392 	4800.000000	0.0621536 	4800.000000	0.0617634 	4800.000000	0.071437  	4800.000000	2.24153e-06	
5000.000000	0.0788829 	5000.000000	0.0723522 	5000.000000	0.0623404 	5000.000000	0.0619508 	5000.000000	0.0723501 	5000.000000	2.15758e-06	
5250.000000	0.0809385 	5250.000000	0.0735087 	5250.000000	0.0625719 	5250.000000	0.062183  	5250.000000	0.0735067 	5250.000000	2.06135e-06	
5500.000000	0.0830436 	5500.000000	0.0746799 	5500.000000	0.0628005 	5500.000000	0.0624121 	5500.000000	0.0746779 	5500.000000	1.97358e-06	
6000.000000	0.0873919 	6000.000000	0.0770575 	6000.000000	0.0632466 	6000.000000	0.0628593 	6000.000000	0.0770557 	6000.000000	1.81928e-06	
6500.000000	0.0919107 	6500.000000	0.0794719 	6500.000000	0.0636761 	6500.000000	0.0632897 	6500.000000	0.0794702 	6500.000000	1.68796e-06	
7000.000000	0.096588  	7000.000000	0.0819136 	7000.000000	0.0640878 	7000.000000	0.0637024 	7000.000000	0.081912  	7000.000000	1.57481e-06	
7500.000000	0.101415  	7500.000000	0.0843759 	7500.000000	0.0644807 	7500.000000	0.0640972 	7500.000000	0.0843744 	7500.000000	1.47627e-06	
8000.000000	0.106384  	8000.000000	0.0868538 	8000.000000	0.0648572 	8000.000000	0.0644747 	8000.000000	0.0868524 	8000.000000	1.38965e-06	
8500.000000	0.111491  	8500.000000	0.0893434 	8500.000000	0.0652182 	8500.000000	0.0648356 	8500.000000	0.0893421 	8500.000000	1.3129e-06	
9000.000000	0.116732  	9000.000000	0.091842  	9000.000000	0.0655637 	9000.000000	0.0651809 	9000.000000	0.0918407 	9000.000000	1.24441e-06	
9500.000000	0.122103  	9500.000000	0.0943472 	9500.000000	0.065893  	9500.000000	0.0655113 	9500.000000	0.094346  	9500.000000	1.18291e-06	
10000.000000	0.127603  	10000.000000	0.0968574 	10000.000000	0.0662071 	10000.000000	0.0658279 	10000.000000	0.0968563 	10000.000000	1.12736e-06	
11000.000000	0.138978  	11000.000000	0.101887  	11000.000000	0.0667983 	11000.000000	0.0664228 	11000.000000	0.101886  	11000.000000	1.03094e-06	
12000.000000	0.150848  	12000.000000	0.106924  	12000.000000	0.0673477 	12000.000000	0.066972  	12000.000000	0.106923  	12000.000000	9.50107e-07	
13000.000000	0.163203  	13000.000000	0.111962  	13000.000000	0.0678565 	13000.000000	0.0674811 	13000.000000	0.111961  	13000.000000	8.81336e-07	
14000.000000	0.176041  	14000.000000	0.116998  	14000.000000	0.0683274 	14000.000000	0.067955  	14000.000000	0.116998  	14000.000000	8.22092e-07	
15000.000000	0.189359  	15000.000000	0.12203   	15000.000000	0.0687654 	15000.000000	0.0683977 	15000.000000	0.12203   	15000.000000	7.70508e-07	
16000.000000	0.203155  	16000.000000	0.127057  	16000.000000	0.0691758 	16000.000000	0.0688126 	16000.000000	0.127056  	16000.000000	7.25178e-07	
17000.000000	0.217429  	17000.000000	0.132076  	17000.000000	0.0695624 	17000.000000	0.0692029 	17000.000000	0.132076  	17000.000000	6.85019e-07	
18000.000000	0.232181  	18000.000000	0.137088  	18000.000000	0.0699279 	18000.000000	0.069571  	18000.000000	0.137088  	18000.000000	6.49187e-07	
19000.000000	0.247413  	19000.000000	0.142093  	19000.000000	0.0702743 	19000.000000	0.0699191 	19000.000000	0.142092  	19000.000000	6.17013e-07	
20000.000000	0.263126  	20000.000000	0.147089  	20000.000000	0.0706034 	20000.000000	0.0702491 	20000.000000	0.147088  	20000.000000	5.87959e-07	
21000.000000	0.279322  	21000.000000	0.152077  	21000.000000	0.0709156 	21000.000000	0.0705627 	21000.000000	0.152076  	21000.000000	5.61589e-07	
22000.000000	0.296003  	22000.000000	0.157056  	22000.000000	0.0712102 	22000.000000	0.0708614 	22000.000000	0.157056  	22000.000000	5.37543e-07	
23000.000000	0.31317   	23000.000000	0.162028  	23000.000000	0.0714913 	23000.000000	0.0711464 	23000.000000	0.162027  	23000.000000	5.15526e-07	
24000.000000	0.330827  	24000.000000	0.166991  	24000.000000	0.0717604 	24000.000000	0.0714189 	24000.000000	0.166991  	24000.000000	4.95288e-07	
25000.000000	0.348976  	25000.000000	0.171946  	25000.000000	0.0720177 	25000.000000	0.0716798 	25000.000000	0.171946  	25000.000000	4.76621e-07	
26000.000000	0.36762   	26000.000000	0.176894  	26000.000000	0.0722645 	26000.000000	0.0719301 	26000.000000	0.176893  	26000.000000	4.59346e-07	
27000.000000	0.386761  	27000.000000	0.181833  	27000.000000	0.0725016 	27000.000000	0.0721704 	27000.000000	0.181833  	27000.000000	4.43312e-07	
28000.000000	0.406402  	28000.000000	0.186765  	28000.000000	0.0727294 	28000.000000	0.0724016 	28000.000000	0.186764  	28000.000000	4.2839e-07	
29000.000000	0.426547  	29000.000000	0.191689  	29000.000000	0.0729485 	29000.000000	0.0726243 	29000.000000	0.191689  	29000.000000	4.14466e-07	
30000.000000	0.447198  	30000.000000	0.196606  	30000.000000	0.0731592 	30000.000000	0.072839  	30000.000000	0.196606  	30000.000000	4.01442e-07	
32000.000000	0.490033  	32000.000000	0.206418  	32000.000000	0.0735585 	32000.000000	0.0732466 	32000.000000	0.206418  	32000.000000	3.77765e-07	
34000.000000	0.534931  	34000.000000	0.216203  	34000.000000	0.0739311 	34000.000000	0.073628  	34000.000000	0.216203  	34000.000000	3.56792e-07	
36000.000000	0.581919  	36000.000000	0.225962  	36000.000000	0.0742793 	36000.000000	0.0739864 	36000.000000	0.225962  	36000.000000	3.38083e-07	
38000.000000	0.631025  	38000.000000	0.235695  	38000.000000	0.0746054 	38000.000000	0.0743241 	38000.000000	0.235695  	38000.000000	3.21286e-07	
40000.000000	0.682275  	40000.000000	0.245405  	40000.000000	0.0749121 	40000.000000	0.0746433 	40000.000000	0.245404  	40000.000000	3.0612e-07	
42000.000000	0.735697  	42000.000000	0.255091  	42000.000000	0.0752023 	42000.000000	0.074946  	42000.000000	0.25509   	42000.000000	2.92357e-07	
44000.000000	0.79132   	44000.000000	0.264755  	44000.000000	0.0754779 	44000.000000	0.0752336 	44000.000000	0.264755  	44000.000000	2.79809e-07	
46000.000000	0.849172  	46000.000000	0.274398  	46000.000000	0.0757407 	46000.000000	0.0755076 	46000.000000	0.274398  	46000.000000	2.6832e-07	
48000.000000	0.909282  	48000.000000	0.284021  	48000.000000	0.0759914 	48000.000000	0.0757691 	48000.000000	0.28402   	48000.000000	2.57761e-07	
50000.000000	0.971679  	50000.000000	0.293624  	50000.000000	0.0762299 	50000.000000	0.0760191 	50000.000000	0.293623  	50000.000000	2.48023e-07	
