Energy (MeV/u)1	0 - [He-base] F.Hubert et al, AD&ND Tables 46(1990)1	Energy (MeV/u)2	1 - [H -base] J.F.Ziegler et al, Pergamon Press, NY (low energy)	Energy (MeV/u)3	2 - ATIMA 1.2  LS-theory (recommended for high energy)	Energy (MeV/u)4	3 - ATIMA 1.2  without LS-correction	Energy (MeV/u)5	4 - electrical component of [1] - J.F.Ziegler et al	Energy (MeV/u)6	5 - nuclear component of [1] - J.F.Ziegler et al	
0.001000	0.284106  	0.001000	0.284106  	0.001000	0.260276  	0.001000	0.260276  	0.001000	0.164822  	0.001000	0.119284  	
0.002000	0.343105  	0.002000	0.343105  	0.002000	0.3142    	0.002000	0.3142    	0.002000	0.228296  	0.002000	0.114808  	
0.005000	0.451889  	0.005000	0.451889  	0.005000	0.418095  	0.005000	0.418095  	0.005000	0.357213  	0.005000	0.0946766 	
0.008000	0.53514   	0.008000	0.53514   	0.008000	0.49374   	0.008000	0.49374   	0.008000	0.454779  	0.008000	0.0803617 	
0.010000	0.585997  	0.010000	0.585997  	0.010000	0.540472  	0.010000	0.540472  	0.010000	0.512729  	0.010000	0.0732681 	
0.015000	0.690975  	0.015000	0.690975  	0.015000	0.651758  	0.015000	0.651758  	0.015000	0.630386  	0.015000	0.0605894 	
0.020000	0.79143   	0.020000	0.79143   	0.020000	0.759488  	0.020000	0.759488  	0.020000	0.739311  	0.020000	0.0521188 	
0.025000	0.889245  	0.025000	0.889245  	0.025000	0.865932  	0.025000	0.865932  	0.025000	0.843248  	0.025000	0.0459974 	
0.030000	0.985138  	0.030000	0.985138  	0.030000	0.941142  	0.030000	0.941142  	0.030000	0.943805  	0.030000	0.041333  	
0.035000	1.07937   	0.035000	1.07937   	0.035000	1.0141    	0.035000	1.0141    	0.035000	1.04173   	0.035000	0.0376413 	
0.040000	1.172     	0.040000	1.172     	0.040000	1.08486   	0.040000	1.08486   	0.040000	1.13736   	0.040000	0.0346348 	
0.045000	1.26297   	0.045000	1.26297   	0.045000	1.15339   	0.045000	1.15339   	0.045000	1.23084   	0.045000	0.0321314 	
0.050000	1.35221   	0.050000	1.35221   	0.050000	1.21967   	0.050000	1.21967   	0.050000	1.3222    	0.050000	0.0300093 	
0.055000	1.42347   	0.055000	1.42347   	0.055000	1.2837    	0.055000	1.2837    	0.055000	1.39529   	0.055000	0.028184  	
0.060000	1.49122   	0.060000	1.49122   	0.060000	1.34548   	0.060000	1.34548   	0.060000	1.46462   	0.060000	0.0265947 	
0.070000	1.61648   	0.070000	1.61648   	0.070000	1.46243   	0.070000	1.46243   	0.070000	1.59253   	0.070000	0.0239556 	
0.080000	1.71005   	0.080000	1.71005   	0.080000	1.57076   	0.080000	1.57076   	0.080000	1.6882    	0.080000	0.0218461 	
0.090000	1.79187   	0.090000	1.79187   	0.090000	1.67082   	0.090000	1.67082   	0.090000	1.77175   	0.090000	0.0201158 	
0.100000	1.86012   	0.100000	1.86012   	0.100000	1.76281   	0.100000	1.76281   	0.100000	1.84163   	0.100000	0.0184939 	
0.120000	2.02209   	0.120000	2.02209   	0.120000	1.92515   	0.120000	1.92515   	0.120000	2.00587   	0.120000	0.0162249 	
0.140000	2.15101   	0.140000	2.15101   	0.140000	2.06098   	0.140000	2.06098   	0.140000	2.13651   	0.140000	0.0144965 	
0.160000	2.24723   	0.160000	2.24723   	0.160000	2.1737    	0.160000	2.1737    	0.160000	2.23409   	0.160000	0.0131312 	
0.180000	2.31723   	0.180000	2.31723   	0.180000	2.26654   	0.180000	2.26654   	0.180000	2.3052    	0.180000	0.0120224 	
0.200000	2.37095   	0.200000	2.37095   	0.200000	2.3424    	0.200000	2.3424    	0.200000	2.35985   	0.200000	0.0111022 	
0.250000	2.47003   	0.250000	2.47003   	0.250000	2.47406   	0.250000	2.47406   	0.250000	2.46067   	0.250000	0.00935953	
0.300000	2.56269   	0.300000	2.56269   	0.300000	2.54694   	0.300000	2.54694   	0.300000	2.55457   	0.300000	0.00812493	
0.350000	2.62614   	0.350000	2.62614   	0.350000	2.58255   	0.350000	2.58255   	0.350000	2.61894   	0.350000	0.00719999	
0.400000	2.6519    	0.400000	2.6519    	0.400000	2.60131   	0.400000	2.60131   	0.400000	2.64542   	0.400000	0.00647869	
0.450000	2.66136   	0.450000	2.66136   	0.450000	2.61846   	0.450000	2.61846   	0.450000	2.65546   	0.450000	0.00589895	
0.500000	2.67614   	0.500000	2.67614   	0.500000	2.62086   	0.500000	2.62086   	0.500000	2.67072   	0.500000	0.00542185	
0.600000	2.68915   	0.600000	2.68915   	0.600000	2.59986   	0.600000	2.59986   	0.600000	2.68447   	0.600000	0.00468087	
0.700000	2.6858    	0.700000	2.6858    	0.700000	2.55491   	0.700000	2.55491   	0.700000	2.68167   	0.700000	0.00413005	
0.800000	2.66295   	0.800000	2.66295   	0.800000	2.50376   	0.800000	2.50376   	0.800000	2.65925   	0.800000	0.00370315	
0.900000	2.63412   	0.900000	2.63412   	0.900000	2.45148   	0.900000	2.45148   	0.900000	2.63075   	0.900000	0.00336174	
1.000000	2.60053   	1.000000	2.60053   	1.000000	2.39957   	1.000000	2.39957   	1.000000	2.59745   	1.000000	0.00308197	
1.250000	2.45373   	1.250000	2.45373   	1.250000	2.27144   	1.250000	2.27144   	1.250000	2.45117   	1.250000	0.00256113	
1.500000	2.29285   	1.500000	2.29285   	1.500000	2.14759   	1.500000	2.14759   	1.500000	2.29065   	1.500000	0.00219934	
1.750000	2.1502    	1.750000	2.1502    	1.750000	2.03899   	1.750000	2.03899   	1.750000	2.14827   	1.750000	0.0019323 	
2.000000	2.0114    	2.000000	2.0114    	2.000000	1.94178   	2.000000	1.94178   	2.000000	2.00967   	2.000000	0.0017265 	
2.250000	1.89627   	2.250000	1.89627   	2.250000	1.85387   	2.250000	1.85387   	2.250000	1.8947    	2.250000	0.00156269	
2.500000	1.8382    	2.500000	1.79635   	2.500000	1.77387   	2.500000	1.77387   	2.500000	1.79492   	2.500000	0.00142898	
3.000000	1.69301   	3.000000	1.62934   	3.000000	1.63373   	3.000000	1.63373   	3.000000	1.62812   	3.000000	0.00122335	
3.500000	1.56821   	3.500000	1.49281   	3.500000	1.51526   	3.500000	1.51526   	3.500000	1.49173   	3.500000	0.00107216	
4.000000	1.46072   	4.000000	1.37875   	4.000000	1.41402   	4.000000	1.41402   	4.000000	1.37779   	4.000000	0.000956012	
4.500000	1.36755   	4.500000	1.28161   	4.500000	1.32661   	4.500000	1.32661   	4.500000	1.28075   	4.500000	0.000863799	
5.000000	1.28618   	5.000000	1.19751   	5.000000	1.25044   	5.000000	1.25044   	5.000000	1.19672   	5.000000	0.000788699	
5.500000	1.21459   	5.500000	1.14244   	5.500000	1.18349   	5.500000	1.18349   	5.500000	1.14172   	5.500000	0.000726276	
6.000000	1.15114   	6.000000	1.09394   	6.000000	1.12416   	6.000000	1.12416   	6.000000	1.09327   	6.000000	0.000673516	
6.500000	1.09453   	6.500000	1.05085   	6.500000	1.07123   	6.500000	1.07123   	6.500000	1.05022   	6.500000	0.000628298	
7.000000	1.04373   	7.000000	1.0123    	7.000000	1.02368   	7.000000	1.02368   	7.000000	1.01171   	7.000000	0.000589087	
7.500000	0.997863  	7.500000	0.971866  	7.500000	0.980727  	7.500000	0.980727  	7.500000	0.971312  	7.500000	0.000554739	
8.000000	0.956254  	8.000000	0.935168  	8.000000	0.941714  	8.000000	0.941714  	8.000000	0.934644  	8.000000	0.000524386	
8.500000	0.918328  	8.500000	0.901693  	8.500000	0.90611   	8.500000	0.90611   	8.500000	0.901195  	8.500000	0.000497358	
9.000000	0.88361   	9.000000	0.871021  	9.000000	0.873473  	9.000000	0.873473  	9.000000	0.870548  	9.000000	0.000473126	
9.500000	0.851705  	9.500000	0.842804  	9.500000	0.843437  	9.500000	0.843437  	9.500000	0.842353  	9.500000	0.000451272	
10.000000	0.822279  	10.000000	0.822274  	10.000000	0.815693  	10.000000	0.815693  	10.000000	0.821842  	10.000000	0.000431454	
11.000000	0.769775  	11.000000	0.775942  	11.000000	0.767545  	11.000000	0.768361  	11.000000	0.775546  	11.000000	0.000396869	
12.000000	0.724289  	12.000000	0.73433   	12.000000	0.725327  	12.000000	0.726677  	12.000000	0.733962  	12.000000	0.000367678	
13.000000	0.684478  	13.000000	0.696901  	13.000000	0.687961  	13.000000	0.689657  	13.000000	0.696558  	13.000000	0.000342691	
14.000000	0.649324  	14.000000	0.663142  	14.000000	0.654616  	14.000000	0.656537  	14.000000	0.662821  	14.000000	0.000321047	
15.000000	0.618037  	15.000000	0.63259   	15.000000	0.624645  	15.000000	0.626713  	15.000000	0.632288  	15.000000	0.000302106	
16.000000	0.589999  	16.000000	0.604842  	16.000000	0.597567  	16.000000	0.599701  	16.000000	0.604557  	16.000000	0.000285383	
17.000000	0.564718  	17.000000	0.579549  	17.000000	0.572967  	17.000000	0.575106  	17.000000	0.579279  	17.000000	0.000270505	
18.000000	0.541798  	18.000000	0.556414  	18.000000	0.550475  	18.000000	0.552604  	18.000000	0.556156  	18.000000	0.000257177	
19.000000	0.520914  	19.000000	0.535179  	19.000000	0.529695  	19.000000	0.531808  	19.000000	0.534934  	19.000000	0.000245164	
20.000000	0.501801  	20.000000	0.515626  	20.000000	0.51068   	20.000000	0.512742  	20.000000	0.515391  	20.000000	0.000234279	
21.000000	0.484237  	21.000000	0.497566  	21.000000	0.493109  	21.000000	0.495094  	21.000000	0.497341  	21.000000	0.000224366	
22.000000	0.468036  	22.000000	0.480837  	22.000000	0.4768    	22.000000	0.478703  	22.000000	0.480621  	22.000000	0.0002153 	
23.000000	0.453041  	23.000000	0.465299  	23.000000	0.461608  	23.000000	0.463435  	23.000000	0.465092  	23.000000	0.000206974	
24.000000	0.43912   	24.000000	0.450829  	24.000000	0.447414  	24.000000	0.449171  	24.000000	0.45063   	24.000000	0.000199299	
25.000000	0.426158  	25.000000	0.437323  	25.000000	0.434123  	25.000000	0.435811  	25.000000	0.437131  	25.000000	0.000192201	
27.000000	0.402729  	27.000000	0.41284   	27.000000	0.409931  	27.000000	0.411462  	27.000000	0.412661  	27.000000	0.00017949	
29.000000	0.382114  	29.000000	0.391234  	29.000000	0.388475  	29.000000	0.389812  	29.000000	0.391066  	29.000000	0.00016843	
31.000000	0.363822  	31.000000	0.372025  	31.000000	0.369481  	31.000000	0.370576  	31.000000	0.371867  	31.000000	0.000158715	
33.000000	0.347473  	33.000000	0.354835  	33.000000	0.352641  	33.000000	0.353514  	33.000000	0.354684  	33.000000	0.00015011	
35.000000	0.332763  	35.000000	0.339358  	35.000000	0.337509  	35.000000	0.338187  	35.000000	0.339215  	35.000000	0.000142433	
38.000000	0.313259  	38.000000	0.318831  	38.000000	0.317465  	38.000000	0.317894  	38.000000	0.318699  	38.000000	0.000132346	
41.000000	0.296281  	41.000000	0.300967  	41.000000	0.30004   	41.000000	0.300256  	41.000000	0.300844  	41.000000	0.000123655	
44.000000	0.281355  	44.000000	0.285276  	44.000000	0.28468   	44.000000	0.284771  	44.000000	0.28516   	44.000000	0.000116083	
47.000000	0.268122  	47.000000	0.27138   	47.000000	0.2711    	47.000000	0.271056  	47.000000	0.27127   	47.000000	0.000109424	
50.000000	0.256301  	50.000000	0.258985  	50.000000	0.25897   	50.000000	0.258818  	50.000000	0.258881  	50.000000	0.000103521	
55.000000	0.239159  	55.000000	0.241049  	55.000000	0.241354  	55.000000	0.241094  	55.000000	0.240954  	55.000000	9.5038e-05	
60.000000	0.224576  	60.000000	0.225838  	60.000000	0.226381  	60.000000	0.22604   	60.000000	0.22575   	60.000000	8.78944e-05	
65.000000	0.212005  	65.000000	0.212769  	65.000000	0.213462  	65.000000	0.213083  	65.000000	0.212687  	65.000000	8.17925e-05	
70.000000	0.201046  	70.000000	0.201414  	70.000000	0.202255  	70.000000	0.201806  	70.000000	0.201337  	70.000000	7.65169e-05	
75.000000	0.1914    	75.000000	0.191453  	75.000000	0.19236   	75.000000	0.191896  	75.000000	0.191381  	75.000000	7.19082e-05	
80.000000	0.182838  	80.000000	0.182643  	80.000000	0.18362   	80.000000	0.183114  	80.000000	0.182575  	80.000000	6.78458e-05	
85.000000	0.175182  	85.000000	0.174793  	85.000000	0.175788  	85.000000	0.175276  	85.000000	0.174729  	85.000000	6.42366e-05	
90.000000	0.168291  	90.000000	0.167752  	90.000000	0.168779  	90.000000	0.168234  	90.000000	0.167691  	90.000000	6.10079e-05	
95.000000	0.162053  	95.000000	0.161401  	95.000000	0.162418  	95.000000	0.161872  	95.000000	0.161343  	95.000000	5.81016e-05	
100.000000	0.156377  	100.000000	0.155641  	100.000000	0.156641  	100.000000	0.156094  	100.000000	0.155586  	100.000000	5.54711e-05	
105.000000	0.151188  	105.000000	0.150394  	105.000000	0.151368  	105.000000	0.150822  	105.000000	0.150341  	105.000000	5.30784e-05	
110.000000	0.146425  	110.000000	0.145593  	110.000000	0.146558  	110.000000	0.145993  	110.000000	0.145542  	110.000000	5.08921e-05	
115.000000	0.142034  	115.000000	0.141183  	115.000000	0.142123  	115.000000	0.141551  	115.000000	0.141134  	115.000000	4.88863e-05	
120.000000	0.137973  	120.000000	0.137118  	120.000000	0.138019  	120.000000	0.137451  	120.000000	0.137071  	120.000000	4.70392e-05	
125.000000	0.134206  	125.000000	0.133358  	125.000000	0.134222  	125.000000	0.133656  	125.000000	0.133313  	125.000000	4.53325e-05	
130.000000	0.130699  	130.000000	0.12987   	130.000000	0.130696  	130.000000	0.130131  	130.000000	0.129827  	130.000000	4.37504e-05	
135.000000	0.127427  	135.000000	0.126626  	135.000000	0.127412  	135.000000	0.12685   	135.000000	0.126584  	135.000000	4.22797e-05	
140.000000	0.124366  	140.000000	0.123601  	140.000000	0.124347  	140.000000	0.123787  	140.000000	0.12356   	140.000000	4.09087e-05	
145.000000	0.121495  	145.000000	0.120772  	145.000000	0.121479  	145.000000	0.120921  	145.000000	0.120733  	145.000000	3.96276e-05	
150.000000	0.118797  	150.000000	0.118122  	150.000000	0.11879   	150.000000	0.118234  	150.000000	0.118084  	150.000000	3.84277e-05	
155.000000	0.115419  	155.000000	0.115634  	155.000000	0.116263  	155.000000	0.115709  	155.000000	0.115597  	155.000000	3.73013e-05	
160.000000	0.113159  	160.000000	0.113293  	160.000000	0.113884  	160.000000	0.113332  	160.000000	0.113257  	160.000000	3.62419e-05	
165.000000	0.111025  	165.000000	0.111087  	165.000000	0.11164   	165.000000	0.111091  	165.000000	0.111052  	165.000000	3.52435e-05	
170.000000	0.109005  	170.000000	0.109004  	170.000000	0.109521  	170.000000	0.108973  	170.000000	0.10897   	170.000000	3.43009e-05	
175.000000	0.107092  	175.000000	0.107035  	175.000000	0.107516  	175.000000	0.10697   	175.000000	0.107002  	175.000000	3.34096e-05	
180.000000	0.105276  	180.000000	0.10517   	180.000000	0.105615  	180.000000	0.105072  	180.000000	0.105137  	180.000000	3.25653e-05	
185.000000	0.10355   	185.000000	0.103401  	185.000000	0.103812  	185.000000	0.103271  	185.000000	0.103369  	185.000000	3.17644e-05	
190.000000	0.101908  	190.000000	0.101721  	190.000000	0.102099  	190.000000	0.10156   	190.000000	0.10169   	190.000000	3.10036e-05	
195.000000	0.100344  	195.000000	0.100123  	195.000000	0.100469  	195.000000	0.0999325 	195.000000	0.100092  	195.000000	3.028e-05 	
200.000000	0.0988508 	200.000000	0.0986014 	200.000000	0.0989167 	200.000000	0.0983821 	200.000000	0.0985718 	200.000000	2.95908e-05	
210.000000	0.0960623 	210.000000	0.0957671 	210.000000	0.0960232 	210.000000	0.0954926 	210.000000	0.0957388 	210.000000	2.8306e-05	
220.000000	0.0935082 	220.000000	0.0931805 	220.000000	0.093381  	220.000000	0.0928544 	220.000000	0.0931533 	220.000000	2.71326e-05	
230.000000	0.0911599 	230.000000	0.0908105 	230.000000	0.0909593 	230.000000	0.0904363 	230.000000	0.0907844 	230.000000	2.60564e-05	
240.000000	0.0889932 	240.000000	0.0886311 	240.000000	0.0887311 	240.000000	0.0882123 	240.000000	0.088606  	240.000000	2.50656e-05	
250.000000	0.0869878 	250.000000	0.0866204 	250.000000	0.0866771 	250.000000	0.0861601 	250.000000	0.0865962 	250.000000	2.41504e-05	
260.000000	0.0851261 	260.000000	0.0847596 	260.000000	0.084769  	260.000000	0.0842608 	260.000000	0.0847363 	260.000000	2.33023e-05	
270.000000	0.0833931 	270.000000	0.0830328 	270.000000	0.0829944 	270.000000	0.0824983 	270.000000	0.0830103 	270.000000	2.25141e-05	
280.000000	0.081776  	280.000000	0.0814261 	280.000000	0.0813526 	280.000000	0.0808586 	280.000000	0.0814044 	280.000000	2.17795e-05	
290.000000	0.0802634 	290.000000	0.0799276 	290.000000	0.0798211 	290.000000	0.0793295 	290.000000	0.0799065 	290.000000	2.10933e-05	
300.000000	0.0788457 	300.000000	0.0785269 	300.000000	0.078389  	300.000000	0.0779005 	300.000000	0.0785064 	300.000000	2.04507e-05	
310.000000	0.0775141 	310.000000	0.0772148 	310.000000	0.0770484 	310.000000	0.0765622 	310.000000	0.0771949 	310.000000	1.98476e-05	
320.000000	0.0762611 	320.000000	0.0759833 	320.000000	0.0757903 	320.000000	0.0753066 	320.000000	0.075964  	320.000000	1.92804e-05	
330.000000	0.07508   	330.000000	0.0748254 	330.000000	0.0746074 	330.000000	0.0741264 	330.000000	0.0748067 	330.000000	1.87461e-05	
340.000000	0.0739648 	340.000000	0.0737348 	340.000000	0.0734943 	340.000000	0.0730152 	340.000000	0.0737166 	340.000000	1.82418e-05	
350.000000	0.0729103 	350.000000	0.072706  	350.000000	0.0724452 	350.000000	0.0719674 	350.000000	0.0726883 	350.000000	1.77649e-05	
360.000000	0.0719117 	360.000000	0.071734  	360.000000	0.0714501 	360.000000	0.0709779 	360.000000	0.0717167 	360.000000	1.73133e-05	
370.000000	0.0709648 	370.000000	0.0708143 	370.000000	0.0705059 	370.000000	0.0700421 	370.000000	0.0707974 	370.000000	1.6885e-05	
380.000000	0.0700657 	380.000000	0.0699429 	380.000000	0.0696155 	380.000000	0.0691559 	380.000000	0.0699265 	380.000000	1.64782e-05	
390.000000	0.069211  	390.000000	0.0691164 	390.000000	0.0687744 	390.000000	0.0683156 	390.000000	0.0691003 	390.000000	1.60914e-05	
400.000000	0.0683976 	400.000000	0.0683313 	400.000000	0.0679754 	400.000000	0.067518  	400.000000	0.0683156 	400.000000	1.5723e-05	
410.000000	0.0676226 	410.000000	0.0675848 	410.000000	0.0672154 	410.000000	0.06676   	410.000000	0.0675695 	410.000000	1.53717e-05	
420.000000	0.0668835 	420.000000	0.0668743 	420.000000	0.0664923 	420.000000	0.0660388 	420.000000	0.0668592 	420.000000	1.50365e-05	
430.000000	0.0661779 	430.000000	0.0661972 	430.000000	0.0658041 	430.000000	0.065352  	430.000000	0.0661825 	430.000000	1.47161e-05	
440.000000	0.0655036 	440.000000	0.0655515 	440.000000	0.0651487 	440.000000	0.0646973 	440.000000	0.0655371 	440.000000	1.44096e-05	
450.000000	0.0648589 	450.000000	0.064935  	450.000000	0.0645224 	450.000000	0.0640727 	450.000000	0.0649209 	450.000000	1.41161e-05	
460.000000	0.0642417 	460.000000	0.0643459 	460.000000	0.0639215 	460.000000	0.0634761 	460.000000	0.0643321 	460.000000	1.38348e-05	
470.000000	0.0636505 	470.000000	0.0637826 	470.000000	0.0633456 	470.000000	0.0629059 	470.000000	0.063769  	470.000000	1.35649e-05	
480.000000	0.0630838 	480.000000	0.0632434 	480.000000	0.0627962 	480.000000	0.0623605 	480.000000	0.0632301 	480.000000	1.33058e-05	
490.000000	0.0625401 	490.000000	0.062727  	490.000000	0.0622726 	490.000000	0.0618383 	490.000000	0.062714  	490.000000	1.30568e-05	
500.000000	0.0620182 	500.000000	0.062232  	500.000000	0.0617753 	500.000000	0.0613416 	500.000000	0.0622192 	500.000000	1.28173e-05	
520.000000	0.0610349 	520.000000	0.0613016 	520.000000	0.0608494 	520.000000	0.0604178 	520.000000	0.0612892 	520.000000	1.23647e-05	
540.000000	0.0601254 	540.000000	0.0604433 	540.000000	0.0599962 	540.000000	0.0595669 	540.000000	0.0604313 	540.000000	1.19441e-05	
560.000000	0.0592822 	560.000000	0.0596496 	560.000000	0.0592085 	560.000000	0.0587813 	560.000000	0.0596381 	560.000000	1.15523e-05	
580.000000	0.058499  	580.000000	0.0589142 	580.000000	0.0584785 	580.000000	0.0580544 	580.000000	0.058903  	580.000000	1.11864e-05	
600.000000	0.0577701 	600.000000	0.0582314 	600.000000	0.0577994 	600.000000	0.0573804 	600.000000	0.0582205 	600.000000	1.08437e-05	
620.000000	0.0570905 	620.000000	0.0575961 	620.000000	0.0571684 	620.000000	0.0567543 	620.000000	0.0575856 	620.000000	1.05222e-05	
640.000000	0.056456  	640.000000	0.0570041 	640.000000	0.0565837 	640.000000	0.0561717 	640.000000	0.0569939 	640.000000	1.022e-05 	
660.000000	0.0558627 	660.000000	0.0564516 	660.000000	0.0560395 	660.000000	0.0556286 	660.000000	0.0564417 	660.000000	9.93524e-06	
680.000000	0.0553073 	680.000000	0.0559351 	680.000000	0.055531  	680.000000	0.0551217 	680.000000	0.0559255 	680.000000	9.66652e-06	
700.000000	0.0547866 	700.000000	0.0554517 	700.000000	0.055056  	700.000000	0.0546479 	700.000000	0.0554423 	700.000000	9.41251e-06	
720.000000	0.054298  	720.000000	0.0549987 	720.000000	0.0546117 	720.000000	0.0542043 	720.000000	0.0549896 	720.000000	9.17199e-06	
740.000000	0.0538391 	740.000000	0.0545737 	740.000000	0.0541939 	740.000000	0.0537886 	740.000000	0.0545648 	740.000000	8.94392e-06	
760.000000	0.0534076 	760.000000	0.0541746 	760.000000	0.0537996 	760.000000	0.0533986 	760.000000	0.0541658 	760.000000	8.72734e-06	
780.000000	0.0530017 	780.000000	0.0537993 	780.000000	0.0534291 	780.000000	0.0530323 	780.000000	0.0537908 	780.000000	8.52139e-06	
800.000000	0.0526194 	800.000000	0.0534462 	800.000000	0.0530824 	800.000000	0.0526879 	800.000000	0.0534378 	800.000000	8.32529e-06	
820.000000	0.0522592 	820.000000	0.0531136 	820.000000	0.0527575 	820.000000	0.0523638 	820.000000	0.0531055 	820.000000	8.13835e-06	
840.000000	0.0519197 	840.000000	0.0528003 	840.000000	0.0524517 	840.000000	0.0520585 	840.000000	0.0527923 	840.000000	7.95994e-06	
860.000000	0.0515994 	860.000000	0.0525047 	860.000000	0.052163  	860.000000	0.0517707 	860.000000	0.0524969 	860.000000	7.78947e-06	
880.000000	0.0512972 	880.000000	0.0522258 	880.000000	0.0518905 	880.000000	0.0514992 	880.000000	0.0522182 	880.000000	7.62642e-06	
900.000000	0.0510119 	900.000000	0.0519625 	900.000000	0.0516335 	900.000000	0.0512429 	900.000000	0.0519551 	900.000000	7.47031e-06	
920.000000	0.0507425 	920.000000	0.0517138 	920.000000	0.051391  	920.000000	0.0510008 	920.000000	0.0517065 	920.000000	7.3207e-06	
940.000000	0.0504881 	940.000000	0.0514788 	940.000000	0.0511614 	940.000000	0.0507719 	940.000000	0.0514716 	940.000000	7.17719e-06	
960.000000	0.0502478 	960.000000	0.0512566 	960.000000	0.0509434 	960.000000	0.0505554 	960.000000	0.0512496 	960.000000	7.03941e-06	
980.000000	0.0500207 	980.000000	0.0510465 	980.000000	0.0507361 	980.000000	0.0503506 	980.000000	0.0510396 	980.000000	6.90701e-06	
1000.000000	0.0498063 	1000.000000	0.0508477 	1000.000000	0.0505393 	1000.000000	0.0501566 	1000.000000	0.050841  	1000.000000	6.77968e-06	
1020.000000	0.0496037 	1020.000000	0.0506597 	1020.000000	0.0503532 	1020.000000	0.0499729 	1020.000000	0.050653  	1020.000000	6.65714e-06	
1040.000000	0.0494123 	1040.000000	0.0504818 	1040.000000	0.0501774 	1040.000000	0.0497988 	1040.000000	0.0504752 	1040.000000	6.53911e-06	
1060.000000	0.0492316 	1060.000000	0.0503134 	1060.000000	0.0500116 	1060.000000	0.0496337 	1060.000000	0.050307  	1060.000000	6.42535e-06	
1080.000000	0.049061  	1080.000000	0.0501541 	1080.000000	0.0498546 	1080.000000	0.0494772 	1080.000000	0.0501477 	1080.000000	6.31563e-06	
1100.000000	0.0488999 	1100.000000	0.0500033 	1100.000000	0.0497059 	1100.000000	0.0493287 	1100.000000	0.049997  	1100.000000	6.20973e-06	
1120.000000	0.048748  	1120.000000	0.0498606 	1120.000000	0.0495647 	1120.000000	0.0491878 	1120.000000	0.0498545 	1120.000000	6.10745e-06	
1140.000000	0.0486048 	1140.000000	0.0497256 	1140.000000	0.0494304 	1140.000000	0.0490541 	1140.000000	0.0497195 	1140.000000	6.00861e-06	
1160.000000	0.0484698 	1160.000000	0.0495978 	1160.000000	0.0493029 	1160.000000	0.0489272 	1160.000000	0.0495919 	1160.000000	5.91304e-06	
1180.000000	0.0483427 	1180.000000	0.0494771 	1180.000000	0.0491818 	1180.000000	0.0488066 	1180.000000	0.0494712 	1180.000000	5.82058e-06	
1200.000000	0.0482231 	1200.000000	0.0493629 	1200.000000	0.0490669 	1200.000000	0.0486922 	1200.000000	0.0493571 	1200.000000	5.73107e-06	
1220.000000	0.0481106 	1220.000000	0.049255  	1220.000000	0.0489579 	1220.000000	0.0485835 	1220.000000	0.0492493 	1220.000000	5.64437e-06	
1240.000000	0.048005  	1240.000000	0.049153  	1240.000000	0.0488544 	1240.000000	0.0484802 	1240.000000	0.0491475 	1240.000000	5.56035e-06	
1260.000000	0.047906  	1260.000000	0.0490568 	1260.000000	0.0487561 	1260.000000	0.0483821 	1260.000000	0.0490513 	1260.000000	5.47889e-06	
1280.000000	0.0478132 	1280.000000	0.048966  	1280.000000	0.0486625 	1280.000000	0.048289  	1280.000000	0.0489606 	1280.000000	5.39986e-06	
1300.000000	0.0477264 	1300.000000	0.0488803 	1300.000000	0.0485734 	1300.000000	0.0482005 	1300.000000	0.048875  	1300.000000	5.32317e-06	
1320.000000	0.0476454 	1320.000000	0.0487997 	1320.000000	0.0484884 	1320.000000	0.0481164 	1320.000000	0.0487944 	1320.000000	5.24871e-06	
1340.000000	0.0475699 	1340.000000	0.0487238 	1340.000000	0.0484074 	1340.000000	0.0480366 	1340.000000	0.0487186 	1340.000000	5.17638e-06	
1360.000000	0.0474997 	1360.000000	0.0486524 	1360.000000	0.0483302 	1360.000000	0.0479608 	1360.000000	0.0486473 	1360.000000	5.10609e-06	
1380.000000	0.0474346 	1380.000000	0.0485853 	1380.000000	0.0482568 	1380.000000	0.0478888 	1380.000000	0.0485803 	1380.000000	5.03775e-06	
1400.000000	0.0473744 	1400.000000	0.0485224 	1400.000000	0.0481871 	1400.000000	0.0478205 	1400.000000	0.0485175 	1400.000000	4.97128e-06	
1420.000000	0.0473188 	1420.000000	0.0484635 	1420.000000	0.0481211 	1420.000000	0.0477556 	1420.000000	0.0484586 	1420.000000	4.90661e-06	
1440.000000	0.0472678 	1440.000000	0.0484084 	1440.000000	0.0480585 	1440.000000	0.0476941 	1440.000000	0.0484036 	1440.000000	4.84366e-06	
1460.000000	0.0472212 	1460.000000	0.048357  	1460.000000	0.0479994 	1460.000000	0.0476357 	1460.000000	0.0483522 	1460.000000	4.78237e-06	
1480.000000	0.0471787 	1480.000000	0.0483091 	1480.000000	0.0479435 	1480.000000	0.0475803 	1480.000000	0.0483044 	1480.000000	4.72266e-06	
1500.000000	0.0471403 	1500.000000	0.0482646 	1500.000000	0.0478906 	1500.000000	0.0475279 	1500.000000	0.0482599 	1500.000000	4.66448e-06	
1520.000000	0.0471057 	1520.000000	0.0482233 	1520.000000	0.0478407 	1520.000000	0.0474782 	1520.000000	0.0482187 	1520.000000	4.60777e-06	
1540.000000	0.0470749 	1540.000000	0.0481852 	1540.000000	0.0477934 	1540.000000	0.0474311 	1540.000000	0.0481806 	1540.000000	4.55248e-06	
1560.000000	0.0470478 	1560.000000	0.0481501 	1560.000000	0.0477488 	1560.000000	0.0473865 	1560.000000	0.0481456 	1560.000000	4.49854e-06	
1580.000000	0.0470241 	1580.000000	0.0481178 	1580.000000	0.0477065 	1580.000000	0.0473444 	1580.000000	0.0481134 	1580.000000	4.44591e-06	
1600.000000	0.0470039 	1600.000000	0.0480883 	1600.000000	0.0476666 	1600.000000	0.0473046 	1600.000000	0.048084  	1600.000000	4.39455e-06	
1620.000000	0.0469869 	1620.000000	0.0480616 	1620.000000	0.0476288 	1620.000000	0.047267  	1620.000000	0.0480572 	1620.000000	4.3444e-06	
1640.000000	0.0469731 	1640.000000	0.0480374 	1640.000000	0.0475932 	1640.000000	0.0472315 	1640.000000	0.0480331 	1640.000000	4.29542e-06	
1660.000000	0.0469623 	1660.000000	0.0480157 	1660.000000	0.0475595 	1660.000000	0.047198  	1660.000000	0.0480115 	1660.000000	4.24758e-06	
1680.000000	0.0469545 	1680.000000	0.0479964 	1680.000000	0.0475278 	1680.000000	0.0471665 	1680.000000	0.0479922 	1680.000000	4.20083e-06	
1700.000000	0.0469496 	1700.000000	0.0479795 	1700.000000	0.0474979 	1700.000000	0.0471369 	1700.000000	0.0479753 	1700.000000	4.15513e-06	
1750.000000	0.0469492 	1750.000000	0.0479467 	1750.000000	0.0474308 	1750.000000	0.0470704 	1750.000000	0.0479427 	1750.000000	4.04528e-06	
1800.000000	0.046965  	1800.000000	0.0479268 	1800.000000	0.0473739 	1800.000000	0.0470141 	1800.000000	0.0479229 	1800.000000	3.94129e-06	
1850.000000	0.0469957 	1850.000000	0.0479188 	1850.000000	0.0473261 	1850.000000	0.046967  	1850.000000	0.0479149 	1850.000000	3.8427e-06	
1900.000000	0.0470404 	1900.000000	0.0479216 	1900.000000	0.0472866 	1900.000000	0.0469281 	1900.000000	0.0479179 	1900.000000	3.74909e-06	
1950.000000	0.047098  	1950.000000	0.0479345 	1950.000000	0.0472545 	1950.000000	0.0468967 	1950.000000	0.0479309 	1950.000000	3.66009e-06	
2000.000000	0.0471677 	2000.000000	0.0479568 	2000.000000	0.0472292 	2000.000000	0.0468722 	2000.000000	0.0479532 	2000.000000	3.57536e-06	
2100.000000	0.0473405 	2100.000000	0.0480266 	2100.000000	0.0471963 	2100.000000	0.0468411 	2100.000000	0.0480232 	2100.000000	3.41754e-06	
2200.000000	0.0475533 	2200.000000	0.0481263 	2200.000000	0.0471839 	2200.000000	0.0468308 	2200.000000	0.0481231 	2200.000000	3.27352e-06	
2300.000000	0.0478017 	2300.000000	0.0482521 	2300.000000	0.0471891 	2300.000000	0.0468377 	2300.000000	0.048249  	2300.000000	3.14154e-06	
2400.000000	0.048082  	2400.000000	0.0484006 	2400.000000	0.0472092 	2400.000000	0.046859  	2400.000000	0.0483976 	2400.000000	3.02013e-06	
2500.000000	0.0483909 	2500.000000	0.0485692 	2500.000000	0.0472418 	2500.000000	0.0468925 	2500.000000	0.0485662 	2500.000000	2.90807e-06	
2600.000000	0.0487258 	2600.000000	0.0487554 	2600.000000	0.047285  	2600.000000	0.0469361 	2600.000000	0.0487526 	2600.000000	2.80429e-06	
2700.000000	0.0490843 	2700.000000	0.0489573 	2700.000000	0.0473368 	2700.000000	0.0469882 	2700.000000	0.0489546 	2700.000000	2.70791e-06	
2800.000000	0.0494643 	2800.000000	0.0491732 	2800.000000	0.047396  	2800.000000	0.0470476 	2800.000000	0.0491706 	2800.000000	2.61816e-06	
2900.000000	0.0498642 	2900.000000	0.0494017 	2900.000000	0.0474611 	2900.000000	0.047113  	2900.000000	0.0493991 	2900.000000	2.53435e-06	
3000.000000	0.0502825 	3000.000000	0.0496414 	3000.000000	0.0475313 	3000.000000	0.0471836 	3000.000000	0.0496389 	3000.000000	2.45592e-06	
3200.000000	0.0511688 	3200.000000	0.0501502 	3200.000000	0.0476838 	3200.000000	0.0473368 	3200.000000	0.0501479 	3200.000000	2.31322e-06	
3400.000000	0.0521143 	3400.000000	0.0506924 	3400.000000	0.0478482 	3400.000000	0.0475021 	3400.000000	0.0506902 	3400.000000	2.1867e-06	
3600.000000	0.0531121 	3600.000000	0.0512622 	3600.000000	0.0480209 	3600.000000	0.0476756 	3600.000000	0.0512601 	3600.000000	2.07371e-06	
3800.000000	0.0541566 	3800.000000	0.051855  	3800.000000	0.0481989 	3800.000000	0.0478544 	3800.000000	0.051853  	3800.000000	1.97219e-06	
4000.000000	0.0552433 	4000.000000	0.0524672 	4000.000000	0.0483803 	4000.000000	0.0480365 	4000.000000	0.0524653 	4000.000000	1.88044e-06	
4200.000000	0.0563685 	4200.000000	0.053096  	4200.000000	0.0485633 	4200.000000	0.0482203 	4200.000000	0.0530942 	4200.000000	1.79711e-06	
4400.000000	0.0575292 	4400.000000	0.0537388 	4400.000000	0.0487468 	4400.000000	0.0484045 	4400.000000	0.0537371 	4400.000000	1.72109e-06	
4600.000000	0.0587229 	4600.000000	0.0543938 	4600.000000	0.0489299 	4600.000000	0.0485882 	4600.000000	0.0543922 	4600.000000	1.65143e-06	
4800.000000	0.0599474 	4800.000000	0.0550593 	4800.000000	0.0491118 	4800.000000	0.0487707 	4800.000000	0.0550577 	4800.000000	1.58737e-06	
5000.000000	0.0612011 	5000.000000	0.0557339 	5000.000000	0.0492922 	5000.000000	0.0489515 	5000.000000	0.0557324 	5000.000000	1.52824e-06	
5250.000000	0.0628068 	5250.000000	0.0565881 	5250.000000	0.0495147 	5250.000000	0.0491747 	5250.000000	0.0565867 	5250.000000	1.46044e-06	
5500.000000	0.0644532 	5500.000000	0.0574529 	5500.000000	0.0497335 	5500.000000	0.0493941 	5500.000000	0.0574515 	5500.000000	1.39859e-06	
6000.000000	0.0678597 	6000.000000	0.0592081 	6000.000000	0.0501588 	6000.000000	0.0498203 	6000.000000	0.0592068 	6000.000000	1.2898e-06	
6500.000000	0.071408  	6500.000000	0.0609897 	6500.000000	0.0505666 	6500.000000	0.0502289 	6500.000000	0.0609885 	6500.000000	1.19718e-06	
7000.000000	0.0750887 	7000.000000	0.062791  	7000.000000	0.0509565 	7000.000000	0.0506196 	7000.000000	0.0627899 	7000.000000	1.11733e-06	
7500.000000	0.0788951 	7500.000000	0.0646071 	7500.000000	0.051328  	7500.000000	0.0509927 	7500.000000	0.064606  	7500.000000	1.04777e-06	
8000.000000	0.0828222 	8000.000000	0.0664344 	8000.000000	0.0516834 	8000.000000	0.0513491 	8000.000000	0.0664334 	8000.000000	9.86601e-07	
8500.000000	0.0868662 	8500.000000	0.0682701 	8500.000000	0.052024  	8500.000000	0.0516895 	8500.000000	0.0682692 	8500.000000	9.32383e-07	
9000.000000	0.0910241 	9000.000000	0.0701122 	9000.000000	0.0523497 	9000.000000	0.052015  	9000.000000	0.0701113 	9000.000000	8.83984e-07	
9500.000000	0.0952936 	9500.000000	0.071959  	9500.000000	0.0526602 	9500.000000	0.0523265 	9500.000000	0.0719582 	9500.000000	8.40505e-07	
10000.000000	0.0996732 	10000.000000	0.0738093 	10000.000000	0.0529565 	10000.000000	0.052625  	10000.000000	0.0738085 	10000.000000	8.01225e-07	
11000.000000	0.108757  	11000.000000	0.0775168 	11000.000000	0.0535141 	11000.000000	0.0531859 	11000.000000	0.077516  	11000.000000	7.33025e-07	
12000.000000	0.118268  	12000.000000	0.0812287 	12000.000000	0.0540324 	12000.000000	0.053704  	12000.000000	0.081228  	12000.000000	6.75821e-07	
13000.000000	0.128202  	13000.000000	0.0849414 	13000.000000	0.0545127 	13000.000000	0.0541846 	13000.000000	0.0849408 	13000.000000	6.27131e-07	
14000.000000	0.138557  	14000.000000	0.0886525 	14000.000000	0.0549578 	14000.000000	0.0546322 	14000.000000	0.0886519 	14000.000000	5.85169e-07	
15000.000000	0.149333  	15000.000000	0.0923602 	15000.000000	0.0553722 	15000.000000	0.0550508 	15000.000000	0.0923597 	15000.000000	5.4862e-07	
16000.000000	0.160529  	16000.000000	0.0960637 	16000.000000	0.0557609 	16000.000000	0.0554434 	16000.000000	0.0960631 	16000.000000	5.1649e-07	
17000.000000	0.172146  	17000.000000	0.099762  	17000.000000	0.0561272 	17000.000000	0.0558129 	17000.000000	0.0997615 	17000.000000	4.88018e-07	
18000.000000	0.184188  	18000.000000	0.103455  	18000.000000	0.0564737 	18000.000000	0.0561617 	18000.000000	0.103454  	18000.000000	4.62605e-07	
19000.000000	0.196654  	19000.000000	0.107142  	19000.000000	0.0568023 	19000.000000	0.0564919 	19000.000000	0.107141  	19000.000000	4.39781e-07	
20000.000000	0.209548  	20000.000000	0.110822  	20000.000000	0.0571148 	20000.000000	0.056805  	20000.000000	0.110822  	20000.000000	4.19165e-07	
21000.000000	0.222873  	21000.000000	0.114497  	21000.000000	0.0574113 	21000.000000	0.0571029 	21000.000000	0.114497  	21000.000000	4.00448e-07	
22000.000000	0.236632  	22000.000000	0.118166  	22000.000000	0.0576915 	22000.000000	0.0573866 	22000.000000	0.118165  	22000.000000	3.83378e-07	
23000.000000	0.250827  	23000.000000	0.121828  	23000.000000	0.057959  	23000.000000	0.0576576 	23000.000000	0.121828  	23000.000000	3.67744e-07	
24000.000000	0.265461  	24000.000000	0.125485  	24000.000000	0.0582152 	24000.000000	0.0579167 	24000.000000	0.125484  	24000.000000	3.5337e-07	
25000.000000	0.280539  	25000.000000	0.129135  	25000.000000	0.0584603 	25000.000000	0.058165  	25000.000000	0.129135  	25000.000000	3.4011e-07	
26000.000000	0.296063  	26000.000000	0.13278   	26000.000000	0.0586955 	26000.000000	0.0584032 	26000.000000	0.132779  	26000.000000	3.27836e-07	
27000.000000	0.312037  	27000.000000	0.136418  	27000.000000	0.0589216 	27000.000000	0.0586321 	27000.000000	0.136418  	27000.000000	3.16442e-07	
28000.000000	0.328465  	28000.000000	0.140051  	28000.000000	0.0591389 	28000.000000	0.0588523 	28000.000000	0.140051  	28000.000000	3.05836e-07	
29000.000000	0.34535   	29000.000000	0.143679  	29000.000000	0.0593479 	29000.000000	0.0590645 	29000.000000	0.143679  	29000.000000	2.95938e-07	
30000.000000	0.362695  	30000.000000	0.147301  	30000.000000	0.0595491 	30000.000000	0.0592692 	30000.000000	0.147301  	30000.000000	2.86678e-07	
32000.000000	0.398784  	32000.000000	0.154529  	32000.000000	0.0599306 	32000.000000	0.059658  	32000.000000	0.154529  	32000.000000	2.6984e-07	
34000.000000	0.436762  	34000.000000	0.161738  	34000.000000	0.0602869 	34000.000000	0.0600219 	34000.000000	0.161737  	34000.000000	2.54922e-07	
36000.000000	0.476661  	36000.000000	0.168926  	36000.000000	0.06062   	36000.000000	0.0603639 	36000.000000	0.168926  	36000.000000	2.41609e-07	
38000.000000	0.518511  	38000.000000	0.176096  	38000.000000	0.0609323 	38000.000000	0.0606864 	38000.000000	0.176096  	38000.000000	2.29655e-07	
40000.000000	0.562346  	40000.000000	0.183248  	40000.000000	0.0612262 	40000.000000	0.0609913 	40000.000000	0.183248  	40000.000000	2.18858e-07	
42000.000000	0.608197  	42000.000000	0.190383  	42000.000000	0.0615044 	42000.000000	0.0612804 	42000.000000	0.190383  	42000.000000	2.09058e-07	
44000.000000	0.656098  	44000.000000	0.197502  	44000.000000	0.0617687 	44000.000000	0.0615551 	44000.000000	0.197502  	44000.000000	2.00122e-07	
46000.000000	0.706081  	46000.000000	0.204606  	46000.000000	0.0620206 	46000.000000	0.0618168 	46000.000000	0.204605  	46000.000000	1.91938e-07	
48000.000000	0.75818   	48000.000000	0.211694  	48000.000000	0.062261  	48000.000000	0.0620667 	48000.000000	0.211694  	48000.000000	1.84415e-07	
50000.000000	0.812429  	50000.000000	0.218768  	50000.000000	0.0624898 	50000.000000	0.0623056 	50000.000000	0.218767  	50000.000000	1.77476e-07	
