Energy (MeV/u)1	0 - [He-base] F.Hubert et al, AD&ND Tables 46(1990)1	Energy (MeV/u)2	1 - [H -base] J.F.Ziegler et al, Pergamon Press, NY (low energy)	Energy (MeV/u)3	2 - ATIMA 1.2  LS-theory (recommended for high energy)	Energy (MeV/u)4	3 - ATIMA 1.2  without LS-correction	Energy (MeV/u)5	4 - electrical component of [1] - J.F.Ziegler et al	Energy (MeV/u)6	5 - nuclear component of [1] - J.F.Ziegler et al	
0.001000	0.206423  	0.001000	0.351202  	0.001000	0.480418  	0.001000	0.480418  	0.001000	0.296435  	0.001000	0.0547671 	
0.002000	0.24593   	0.002000	0.411511  	0.002000	0.539873  	0.002000	0.539873  	0.002000	0.377824  	0.002000	0.0336864 	
0.005000	0.32298   	0.005000	0.537691  	0.005000	0.653509  	0.005000	0.653509  	0.005000	0.520677  	0.005000	0.0170133 	
0.008000	0.375814  	0.008000	0.625545  	0.008000	0.727623  	0.008000	0.727623  	0.008000	0.613777  	0.008000	0.0117678 	
0.010000	0.40462   	0.010000	0.67348   	0.010000	0.76677   	0.010000	0.76677   	0.010000	0.663635  	0.010000	0.0098451 	
0.015000	0.488016  	0.015000	0.825259  	0.015000	0.84476   	0.015000	0.84476   	0.015000	0.818174  	0.015000	0.00708537	
0.020000	0.556346  	0.020000	0.951463  	0.020000	0.905732  	0.020000	0.905732  	0.020000	0.945871  	0.020000	0.00559178	
0.025000	0.612858  	0.025000	1.05921   	0.025000	0.956428  	0.025000	0.956428  	0.025000	1.05456   	0.025000	0.00464578	
0.030000	0.659287  	0.030000	1.15215   	0.030000	1.02733   	0.030000	1.02733   	0.030000	1.14816   	0.030000	0.00398884	
0.035000	0.696776  	0.035000	1.23243   	0.035000	1.08715   	0.035000	1.08715   	0.035000	1.22893   	0.035000	0.00350405	
0.040000	0.726226  	0.040000	1.30149   	0.040000	1.13762   	0.040000	1.13762   	0.040000	1.29836   	0.040000	0.00313051	
0.045000	0.748445  	0.045000	1.36034   	0.045000	1.17999   	0.045000	1.17999   	0.045000	1.35751   	0.045000	0.00283321	
0.050000	0.764212  	0.050000	1.40983   	0.050000	1.21529   	0.050000	1.21529   	0.050000	1.40724   	0.050000	0.00259058	
0.055000	0.774294  	0.055000	1.45066   	0.055000	1.24435   	0.055000	1.24435   	0.055000	1.44827   	0.055000	0.00238854	
0.060000	0.779447  	0.060000	1.48349   	0.060000	1.26787   	0.060000	1.26787   	0.060000	1.48127   	0.060000	0.0022175 	
0.070000	0.777842  	0.070000	1.52764   	0.070000	1.30071   	0.070000	1.30071   	0.070000	1.5257    	0.070000	0.00194323	
0.080000	0.764696  	0.080000	1.54714   	0.080000	1.31794   	0.080000	1.31794   	0.080000	1.54541   	0.080000	0.00173256	
0.090000	0.744373  	0.090000	1.54668   	0.090000	1.32291   	0.090000	1.32291   	0.090000	1.54511   	0.090000	0.00156533	
0.100000	0.720179  	0.100000	1.53064   	0.100000	1.31833   	0.100000	1.31833   	0.100000	1.52921   	0.100000	0.00142914	
0.120000	0.668683  	0.120000	1.4671    	0.120000	1.28894   	0.120000	1.28894   	0.120000	1.46588   	0.120000	0.00122029	
0.140000	0.620388  	0.140000	1.38148   	0.140000	1.24296   	0.140000	1.24296   	0.140000	1.38041   	0.140000	0.00106722	
0.160000	0.578462  	0.160000	1.28984   	0.160000	1.18889   	0.160000	1.18889   	0.160000	1.28889   	0.160000	0.000949935	
0.180000	0.543039  	0.180000	1.20112   	0.180000	1.13204   	0.180000	1.13204   	0.180000	1.20026   	0.180000	0.000857022	
0.200000	0.513233  	0.200000	1.11952   	0.200000	1.07557   	0.200000	1.07557   	0.200000	1.11873   	0.200000	0.000781492	
0.250000	0.45663   	0.250000	0.952534  	0.250000	0.945804  	0.250000	0.945804  	0.250000	0.951892  	0.250000	0.000642429	
0.300000	0.416269  	0.300000	0.831078  	0.300000	0.837697  	0.300000	0.837697  	0.300000	0.830531  	0.300000	0.000547093	
0.350000	0.385279  	0.350000	0.741369  	0.350000	0.749964  	0.350000	0.749964  	0.350000	0.740892  	0.350000	0.000477442	
0.400000	0.360148  	0.400000	0.672779  	0.400000	0.678804  	0.400000	0.678804  	0.400000	0.672354  	0.400000	0.000424208	
0.450000	0.338997  	0.450000	0.618432  	0.450000	0.620547  	0.450000	0.620547  	0.450000	0.61805   	0.450000	0.000382128	
0.500000	0.320742  	0.500000	0.574011  	0.500000	0.572239  	0.500000	0.572239  	0.500000	0.573663  	0.500000	0.000347984	
0.600000	0.290438  	0.600000	0.504886  	0.600000	0.497054  	0.600000	0.497054  	0.600000	0.504591  	0.600000	0.000295854	
0.700000	0.266013  	0.700000	0.452711  	0.700000	0.441275  	0.700000	0.441275  	0.700000	0.452454  	0.700000	0.000257842	
0.800000	0.245754  	0.800000	0.411363  	0.800000	0.398133  	0.800000	0.398133  	0.800000	0.411134  	0.800000	0.000228835	
0.900000	0.228612  	0.900000	0.377499  	0.900000	0.363641  	0.900000	0.363641  	0.900000	0.377293  	0.900000	0.000205936	
1.000000	0.213886  	1.000000	0.349109  	1.000000	0.335332  	1.000000	0.335332  	1.000000	0.348922  	1.000000	0.000187377	
1.250000	0.184698  	1.250000	0.294463  	1.250000	0.28234   	1.250000	0.28234   	1.250000	0.29431   	1.250000	0.000153348	
1.500000	0.162953  	1.500000	0.254979  	1.500000	0.245118  	1.500000	0.245118  	1.500000	0.254849  	1.500000	0.000130137	
1.750000	0.146074  	1.750000	0.22499   	1.750000	0.217314  	1.750000	0.217314  	1.750000	0.224877  	1.750000	0.000113247	
2.000000	0.13256   	2.000000	0.201392  	2.000000	0.195642  	2.000000	0.195642  	2.000000	0.201291  	2.000000	0.000100381	
2.250000	0.121479  	2.250000	0.182317  	2.250000	0.178215  	2.250000	0.178215  	2.250000	0.182227  	2.250000	9.0238e-05	
2.500000	0.11173   	2.500000	0.166568  	2.500000	0.16386   	2.500000	0.16386   	2.500000	0.166486  	2.500000	8.2028e-05	
3.000000	0.0975606 	3.000000	0.142065  	3.000000	0.14153   	3.000000	0.14153   	3.000000	0.141995  	3.000000	6.95302e-05	
3.500000	0.0868065 	3.500000	0.123865  	3.500000	0.124899  	3.500000	0.124899  	3.500000	0.123805  	3.500000	6.04478e-05	
4.000000	0.0783425 	4.000000	0.109806  	4.000000	0.111987  	4.000000	0.111987  	4.000000	0.109752  	4.000000	5.35365e-05	
4.500000	0.0714933 	4.500000	0.0986122 	4.500000	0.101649  	4.500000	0.101649  	4.500000	0.0985641 	4.500000	4.80934e-05	
5.000000	0.0658281 	5.000000	0.0894874 	5.000000	0.0931682 	5.000000	0.0931682 	5.000000	0.0894437 	5.000000	4.36909e-05	
5.500000	0.0610583 	5.500000	0.0819046 	5.500000	0.0860763 	5.500000	0.0860763 	5.500000	0.0818645 	5.500000	4.00537e-05	
6.000000	0.056983  	6.000000	0.0755025 	6.000000	0.0800507 	6.000000	0.0800507 	6.000000	0.0754655 	6.000000	3.69959e-05	
6.500000	0.0534578 	6.500000	0.0700246 	6.500000	0.0748631 	6.500000	0.0748631 	6.500000	0.0699902 	6.500000	3.43878e-05	
7.000000	0.0503763 	7.000000	0.065284  	7.000000	0.0703463 	7.000000	0.0703463 	7.000000	0.0652519 	7.000000	3.2136e-05	
7.500000	0.0476579 	7.500000	0.0611409 	7.500000	0.0663756 	7.500000	0.0663756 	7.500000	0.0611107 	7.500000	3.01712e-05	
8.000000	0.0452408 	8.000000	0.057489  	8.000000	0.0628555 	8.000000	0.0628555 	8.000000	0.0574605 	8.000000	2.84413e-05	
8.500000	0.0430766 	8.500000	0.0542456 	8.500000	0.0597119 	8.500000	0.0597119 	8.500000	0.0542187 	8.500000	2.6906e-05	
9.000000	0.0411268 	9.000000	0.0513458 	9.000000	0.0568862 	9.000000	0.0568862 	9.000000	0.0513203 	9.000000	2.55339e-05	
9.500000	0.0393604 	9.500000	0.0487377 	9.500000	0.0543316 	9.500000	0.0543316 	9.500000	0.0487134 	9.500000	2.42999e-05	
10.000000	0.0377522 	10.000000	0.0468333 	10.000000	0.05201   	10.000000	0.05201   	10.000000	0.0468102 	10.000000	2.31839e-05	
11.000000	0.0349308 	11.000000	0.0436354 	11.000000	0.0478846 	11.000000	0.047885  	11.000000	0.0436141 	11.000000	2.12436e-05	
12.000000	0.0325348 	12.000000	0.0408691 	12.000000	0.0443949 	12.000000	0.0443956 	12.000000	0.0408495 	12.000000	1.96133e-05	
13.000000	0.030473  	13.000000	0.0384528 	13.000000	0.0414039 	13.000000	0.0414043 	13.000000	0.0384346 	13.000000	1.82235e-05	
14.000000	0.0286789 	14.000000	0.0363241 	14.000000	0.038811  	14.000000	0.038811  	14.000000	0.0363071 	14.000000	1.7024e-05	
15.000000	0.0271027 	15.000000	0.0344343 	15.000000	0.0365409 	15.000000	0.0365409 	15.000000	0.0344183 	15.000000	1.59779e-05	
16.000000	0.0257062 	16.000000	0.0327451 	16.000000	0.0345374 	16.000000	0.034537  	16.000000	0.03273   	16.000000	1.50572e-05	
17.000000	0.0244599 	17.000000	0.0312259 	17.000000	0.0327565 	17.000000	0.0327552 	17.000000	0.0312117 	17.000000	1.42403e-05	
18.000000	0.0233404 	18.000000	0.0298521 	18.000000	0.0311624 	18.000000	0.0311606 	18.000000	0.0298386 	18.000000	1.35105e-05	
19.000000	0.0223288 	19.000000	0.0286037 	19.000000	0.0297271 	19.000000	0.0297253 	19.000000	0.0285908 	19.000000	1.28544e-05	
20.000000	0.0214101 	20.000000	0.0274639 	20.000000	0.0284288 	20.000000	0.0284269 	20.000000	0.0274516 	20.000000	1.22612e-05	
21.000000	0.0205717 	21.000000	0.0264191 	21.000000	0.0272489 	21.000000	0.0272469 	21.000000	0.0264074 	21.000000	1.17222e-05	
22.000000	0.0198034 	22.000000	0.0254578 	22.000000	0.026172  	22.000000	0.0261702 	22.000000	0.0254465 	22.000000	1.12302e-05	
23.000000	0.0190966 	23.000000	0.0245701 	23.000000	0.0251858 	23.000000	0.0251839 	23.000000	0.0245593 	23.000000	1.07792e-05	
24.000000	0.018444  	24.000000	0.0237479 	24.000000	0.0242801 	24.000000	0.0242774 	24.000000	0.0237376 	24.000000	1.03644e-05	
25.000000	0.0178395 	25.000000	0.0229841 	25.000000	0.0234456 	25.000000	0.0234418 	25.000000	0.0229741 	25.000000	9.98131e-06	
27.000000	0.0167548 	27.000000	0.0216081 	27.000000	0.021958  	27.000000	0.0219531 	27.000000	0.0215988 	27.000000	9.297e-06 	
29.000000	0.0158086 	29.000000	0.0204025 	29.000000	0.020673  	29.000000	0.0206682 	29.000000	0.0203937 	29.000000	8.70341e-06	
31.000000	0.0149756 	31.000000	0.0193371 	31.000000	0.0195529 	31.000000	0.0195481 	31.000000	0.0193289 	31.000000	8.18344e-06	
33.000000	0.0142362 	33.000000	0.0183885 	33.000000	0.0185608 	33.000000	0.0185563 	33.000000	0.0183808 	33.000000	7.72406e-06	
35.000000	0.0135753 	35.000000	0.0175383 	35.000000	0.0176748 	35.000000	0.0176707 	35.000000	0.017531  	35.000000	7.31515e-06	
38.000000	0.0127051 	38.000000	0.0164161 	38.000000	0.016512  	38.000000	0.0165066 	38.000000	0.0164093 	38.000000	6.77942e-06	
41.000000	0.0119535 	41.000000	0.0154441 	41.000000	0.0155082 	41.000000	0.0155026 	41.000000	0.0154378 	41.000000	6.31916e-06	
44.000000	0.0112973 	44.000000	0.0145938 	44.000000	0.0146326 	44.000000	0.0146275 	44.000000	0.0145879 	44.000000	5.9193e-06	
47.000000	0.0107192 	47.000000	0.0138435 	47.000000	0.0138624 	47.000000	0.0138575 	47.000000	0.0138379 	47.000000	5.56857e-06	
50.000000	0.0102057 	50.000000	0.0131762 	50.000000	0.0131793 	50.000000	0.0131747 	50.000000	0.0131709 	50.000000	5.25835e-06	
55.000000	0.00946597	55.000000	0.0122139 	55.000000	0.0121973 	55.000000	0.012193  	55.000000	0.0122091 	55.000000	4.81378e-06	
60.000000	0.00884144	60.000000	0.0114007 	60.000000	0.0113704 	60.000000	0.0113662 	60.000000	0.0113962 	60.000000	4.44063e-06	
65.000000	0.00830663	65.000000	0.010704  	65.000000	0.0106647 	65.000000	0.0106598 	65.000000	0.0106999 	65.000000	4.12283e-06	
70.000000	0.00784316	70.000000	0.0101004 	70.000000	0.0100536 	70.000000	0.0100491 	70.000000	0.0100965 	70.000000	3.84878e-06	
75.000000	0.00743736	75.000000	0.00957196	75.000000	0.00951987	75.000000	0.00951562	75.000000	0.00956835	75.000000	3.60996e-06	
80.000000	0.00707889	80.000000	0.00910547	80.000000	0.00904953	80.000000	0.00904551	80.000000	0.00910207	80.000000	3.39992e-06	
85.000000	0.00675975	85.000000	0.0086905 	85.000000	0.0086318 	85.000000	0.008628  	85.000000	0.00868728	85.000000	3.21369e-06	
90.000000	0.00647368	90.000000	0.00831887	90.000000	0.00825829	90.000000	0.00825464	90.000000	0.00831582	90.000000	3.04742e-06	
95.000000	0.00621567	95.000000	0.00798407	95.000000	0.00792306	95.000000	0.00791873	95.000000	0.00798117	95.000000	2.89802e-06	
100.000000	0.0059817 	100.000000	0.00768083	100.000000	0.007619  	100.000000	0.00761486	100.000000	0.00767806	100.000000	2.76302e-06	
105.000000	0.00576847	105.000000	0.00740484	105.000000	0.00734257	105.000000	0.00733861	105.000000	0.0074022 	105.000000	2.64042e-06	
110.000000	0.0055733 	110.000000	0.00715257	110.000000	0.00709019	110.000000	0.00708637	110.000000	0.00715004	110.000000	2.52857e-06	
115.000000	0.00539391	115.000000	0.00692105	115.000000	0.00685879	115.000000	0.00685512	115.000000	0.00691863	115.000000	2.42609e-06	
120.000000	0.00522843	120.000000	0.00670781	120.000000	0.00664585	120.000000	0.00664232	120.000000	0.00670548	120.000000	2.33186e-06	
125.000000	0.00507526	125.000000	0.00651074	125.000000	0.00644927	125.000000	0.00644584	125.000000	0.0065085 	125.000000	2.24489e-06	
130.000000	0.00493304	130.000000	0.00632807	130.000000	0.00626718	130.000000	0.00626386	130.000000	0.0063259 	130.000000	2.16437e-06	
135.000000	0.00480061	135.000000	0.00615825	135.000000	0.00609799	135.000000	0.00609484	135.000000	0.00615616	135.000000	2.08961e-06	
140.000000	0.00467696	140.000000	0.00599997	140.000000	0.0059408 	140.000000	0.00593743	140.000000	0.00599795	140.000000	2.02e-06  	
145.000000	0.00456123	145.000000	0.00585208	145.000000	0.00579415	145.000000	0.00579047	145.000000	0.00585013	145.000000	1.95501e-06	
150.000000	0.00445266	150.000000	0.0057136 	150.000000	0.00565652	150.000000	0.00565295	150.000000	0.0057117 	150.000000	1.89421e-06	
155.000000	0.00429979	155.000000	0.00558363	155.000000	0.00552744	155.000000	0.005524  	155.000000	0.0055818 	155.000000	1.83719e-06	
160.000000	0.00421019	160.000000	0.00546143	160.000000	0.0054062 	160.000000	0.00540283	160.000000	0.00545965	160.000000	1.78361e-06	
165.000000	0.00412569	165.000000	0.00534631	165.000000	0.00529205	165.000000	0.00528876	165.000000	0.00534458	165.000000	1.73316e-06	
170.000000	0.00404587	170.000000	0.00523767	170.000000	0.0051844 	170.000000	0.00518119	170.000000	0.00523598	170.000000	1.68558e-06	
175.000000	0.00397035	175.000000	0.00513497	175.000000	0.00508271	175.000000	0.00507957	175.000000	0.00513333	175.000000	1.64062e-06	
180.000000	0.00389877	180.000000	0.00503775	180.000000	0.00498651	180.000000	0.00498344	180.000000	0.00503615	180.000000	1.59807e-06	
185.000000	0.00383084	185.000000	0.00494557	185.000000	0.00489536	185.000000	0.00489235	185.000000	0.00494402	185.000000	1.55774e-06	
190.000000	0.00376628	190.000000	0.00485806	190.000000	0.00480888	190.000000	0.00480592	190.000000	0.00485654	190.000000	1.51945e-06	
195.000000	0.00370485	195.000000	0.00477486	195.000000	0.00472668	195.000000	0.00472381	195.000000	0.00477338	195.000000	1.48307e-06	
200.000000	0.00364631	200.000000	0.00469566	200.000000	0.00464849	200.000000	0.0046457 	200.000000	0.00469422	200.000000	1.44843e-06	
210.000000	0.00353714	210.000000	0.00454819	210.000000	0.0045035 	210.000000	0.00450038	210.000000	0.00454681	210.000000	1.38395e-06	
220.000000	0.00343736	220.000000	0.00441367	220.000000	0.00437109	220.000000	0.00436798	220.000000	0.00441235	220.000000	1.32512e-06	
230.000000	0.00334581	230.000000	0.00429049	230.000000	0.00424987	230.000000	0.00424688	230.000000	0.00428922	230.000000	1.27124e-06	
240.000000	0.00326149	240.000000	0.00417726	240.000000	0.00413861	240.000000	0.00413571	240.000000	0.00417604	240.000000	1.2217e-06	
250.000000	0.00318358	250.000000	0.00407284	250.000000	0.00403612	250.000000	0.0040333 	250.000000	0.00407167	250.000000	1.17598e-06	
260.000000	0.00311138	260.000000	0.00397625	260.000000	0.00394141	260.000000	0.00393867	260.000000	0.00397512	260.000000	1.13367e-06	
270.000000	0.00304427	270.000000	0.00388665	270.000000	0.00385366	270.000000	0.00385098	270.000000	0.00388556	270.000000	1.09438e-06	
280.000000	0.00298174	280.000000	0.00380331	280.000000	0.00377213	280.000000	0.00376952	280.000000	0.00380226	280.000000	1.0578e-06	
290.000000	0.00292333	290.000000	0.00372562	290.000000	0.00369616	290.000000	0.00369364	290.000000	0.00372459	290.000000	1.02366e-06	
300.000000	0.00286866	300.000000	0.00365301	300.000000	0.00362545	300.000000	0.00362282	300.000000	0.00365202	300.000000	9.91721e-07	
310.000000	0.00281737	310.000000	0.00358502	310.000000	0.00355938	310.000000	0.00355656	310.000000	0.00358406	310.000000	9.61772e-07	
320.000000	0.00276916	320.000000	0.00352123	320.000000	0.00349722	320.000000	0.00349447	320.000000	0.0035203 	320.000000	9.33633e-07	
330.000000	0.00272377	330.000000	0.00346127	330.000000	0.00343882	330.000000	0.00343615	330.000000	0.00346036	330.000000	9.07141e-07	
340.000000	0.00268096	340.000000	0.00340481	340.000000	0.00338393	340.000000	0.0033813 	340.000000	0.00340393	340.000000	8.82156e-07	
350.000000	0.00264051	350.000000	0.00335156	350.000000	0.0033322 	350.000000	0.00332961	350.000000	0.0033507 	350.000000	8.58551e-07	
360.000000	0.00260225	360.000000	0.00330127	360.000000	0.00328338	360.000000	0.00328084	360.000000	0.00330043	360.000000	8.36213e-07	
370.000000	0.002566  	370.000000	0.00325369	370.000000	0.00323725	370.000000	0.00323475	370.000000	0.00325288	370.000000	8.15043e-07	
380.000000	0.00253161	380.000000	0.00320863	380.000000	0.00319359	380.000000	0.00319113	380.000000	0.00320784	380.000000	7.9495e-07	
390.000000	0.00249895	390.000000	0.0031659 	390.000000	0.00315223	390.000000	0.0031498 	390.000000	0.00316512	390.000000	7.75852e-07	
400.000000	0.00246788	400.000000	0.00312532	400.000000	0.00311298	400.000000	0.00311059	400.000000	0.00312456	400.000000	7.57678e-07	
410.000000	0.00243831	410.000000	0.00308674	410.000000	0.0030757 	410.000000	0.00307335	410.000000	0.003086  	410.000000	7.40361e-07	
420.000000	0.00241012	420.000000	0.00305004	420.000000	0.00304027	420.000000	0.00303793	420.000000	0.00304931	420.000000	7.23842e-07	
430.000000	0.00238323	430.000000	0.00301507	430.000000	0.00300652	430.000000	0.00300423	430.000000	0.00301436	430.000000	7.08065e-07	
440.000000	0.00235756	440.000000	0.00298172	440.000000	0.00297435	440.000000	0.00297211	440.000000	0.00298103	440.000000	6.92981e-07	
450.000000	0.00233302	450.000000	0.00294989	450.000000	0.00294369	450.000000	0.00294147	450.000000	0.00294922	450.000000	6.78546e-07	
460.000000	0.00230954	460.000000	0.00291949	460.000000	0.00291451	460.000000	0.00291223	460.000000	0.00291883	460.000000	6.64718e-07	
470.000000	0.00228707	470.000000	0.00289042	470.000000	0.00288668	470.000000	0.00288429	470.000000	0.00288977	470.000000	6.51458e-07	
480.000000	0.00226553	480.000000	0.00286261	480.000000	0.00286002	480.000000	0.00285757	480.000000	0.00286197	480.000000	6.38733e-07	
490.000000	0.00224489	490.000000	0.00283597	490.000000	0.00283444	490.000000	0.00283201	490.000000	0.00283535	490.000000	6.2651e-07	
500.000000	0.00222507	500.000000	0.00281045	500.000000	0.0028099 	500.000000	0.00280752	500.000000	0.00280984	500.000000	6.1476e-07	
520.000000	0.00218778	520.000000	0.00276249	520.000000	0.00276387	520.000000	0.00276154	520.000000	0.00276189	520.000000	5.92572e-07	
540.000000	0.00215331	540.000000	0.00271826	540.000000	0.00272149	540.000000	0.00271919	540.000000	0.00271769	540.000000	5.71975e-07	
560.000000	0.00212137	560.000000	0.0026774 	560.000000	0.00268234	560.000000	0.00268009	560.000000	0.00267684	560.000000	5.52801e-07	
580.000000	0.00209173	580.000000	0.00263954	580.000000	0.00264611	580.000000	0.0026439 	580.000000	0.00263901	580.000000	5.34907e-07	
600.000000	0.00206416	600.000000	0.00260441	600.000000	0.00261251	600.000000	0.00261033	600.000000	0.00260389	600.000000	5.18168e-07	
620.000000	0.00203847	620.000000	0.00257174	620.000000	0.00258128	620.000000	0.00257913	620.000000	0.00257124	620.000000	5.02474e-07	
640.000000	0.00201449	640.000000	0.00254131	640.000000	0.00255221	640.000000	0.00255008	640.000000	0.00254082	640.000000	4.8773e-07	
660.000000	0.00199208	660.000000	0.00251293	660.000000	0.00252507	660.000000	0.00252299	660.000000	0.00251245	660.000000	4.7385e-07	
680.000000	0.00197111	680.000000	0.00248641	680.000000	0.00249971	680.000000	0.00249767	680.000000	0.00248595	680.000000	4.60761e-07	
700.000000	0.00195146	700.000000	0.0024616 	700.000000	0.00247604	700.000000	0.00247398	700.000000	0.00246116	700.000000	4.48396e-07	
720.000000	0.00193302	720.000000	0.00243837	720.000000	0.00245393	720.000000	0.00245179	720.000000	0.00243793	720.000000	4.36696e-07	
740.000000	0.0019157 	740.000000	0.00241658	740.000000	0.00243318	740.000000	0.00243096	740.000000	0.00241616	740.000000	4.25609e-07	
760.000000	0.00189942	760.000000	0.00239613	760.000000	0.00241361	760.000000	0.0024114 	760.000000	0.00239572	760.000000	4.15086e-07	
780.000000	0.0018841 	780.000000	0.00237692	780.000000	0.00239517	780.000000	0.00239299	780.000000	0.00237651	780.000000	4.05086e-07	
800.000000	0.00186968	800.000000	0.00235885	800.000000	0.00237781	800.000000	0.00237567	800.000000	0.00235846	800.000000	3.9557e-07	
820.000000	0.00185609	820.000000	0.00234185	820.000000	0.00236146	820.000000	0.00235934	820.000000	0.00234146	820.000000	3.86503e-07	
840.000000	0.00184327	840.000000	0.00232584	840.000000	0.00234604	840.000000	0.00234393	840.000000	0.00232546	840.000000	3.77855e-07	
860.000000	0.00183118	860.000000	0.00231074	860.000000	0.00233147	860.000000	0.00232938	860.000000	0.00231037	860.000000	3.69596e-07	
880.000000	0.00181977	880.000000	0.00229651	880.000000	0.0023177 	880.000000	0.00231562	880.000000	0.00229615	880.000000	3.617e-07 	
900.000000	0.001809  	900.000000	0.00228309	900.000000	0.00230467	900.000000	0.00230261	900.000000	0.00228274	900.000000	3.54145e-07	
920.000000	0.00179882	920.000000	0.00227042	920.000000	0.00229234	920.000000	0.0022903 	920.000000	0.00227007	920.000000	3.46907e-07	
940.000000	0.0017892 	940.000000	0.00225845	940.000000	0.00228066	940.000000	0.00227863	940.000000	0.00225811	940.000000	3.39968e-07	
960.000000	0.00178011	960.000000	0.00224715	960.000000	0.00226958	960.000000	0.00226757	960.000000	0.00224682	960.000000	3.33309e-07	
980.000000	0.00177152	980.000000	0.00223648	980.000000	0.00225908	980.000000	0.00225708	980.000000	0.00223615	980.000000	3.26913e-07	
1000.000000	0.00176339	1000.000000	0.00222639	1000.000000	0.00224911	1000.000000	0.00224712	1000.000000	0.00222607	1000.000000	3.20765e-07	
1020.000000	0.00175571	1020.000000	0.00221685	1020.000000	0.00223964	1020.000000	0.00223766	1020.000000	0.00221654	1020.000000	3.1485e-07	
1040.000000	0.00174845	1040.000000	0.00220784	1040.000000	0.00223064	1040.000000	0.00222868	1040.000000	0.00220753	1040.000000	3.09156e-07	
1060.000000	0.00174159	1060.000000	0.00219932	1060.000000	0.00222208	1060.000000	0.00222013	1060.000000	0.00219901	1060.000000	3.0367e-07	
1080.000000	0.0017351 	1080.000000	0.00219126	1080.000000	0.00221395	1080.000000	0.00221201	1080.000000	0.00219096	1080.000000	2.98381e-07	
1100.000000	0.00172897	1100.000000	0.00218365	1100.000000	0.0022062 	1100.000000	0.00220427	1100.000000	0.00218335	1100.000000	2.93278e-07	
1120.000000	0.00172318	1120.000000	0.00217645	1120.000000	0.00219883	1120.000000	0.00219691	1120.000000	0.00217617	1120.000000	2.88351e-07	
1140.000000	0.00171771	1140.000000	0.00216966	1140.000000	0.00219182	1140.000000	0.0021899 	1140.000000	0.00216937	1140.000000	2.83592e-07	
1160.000000	0.00171255	1160.000000	0.00216323	1160.000000	0.00218513	1160.000000	0.00218322	1160.000000	0.00216296	1160.000000	2.78992e-07	
1180.000000	0.00170768	1180.000000	0.00215717	1180.000000	0.00217876	1180.000000	0.00217686	1180.000000	0.0021569 	1180.000000	2.74543e-07	
1200.000000	0.00170309	1200.000000	0.00215145	1200.000000	0.00217268	1200.000000	0.00217079	1200.000000	0.00215118	1200.000000	2.70238e-07	
1220.000000	0.00169876	1220.000000	0.00214605	1220.000000	0.00216688	1220.000000	0.00216501	1220.000000	0.00214578	1220.000000	2.66069e-07	
1240.000000	0.00169469	1240.000000	0.00214096	1240.000000	0.00216134	1240.000000	0.00215949	1240.000000	0.00214069	1240.000000	2.62031e-07	
1260.000000	0.00169086	1260.000000	0.00213616	1260.000000	0.00215607	1260.000000	0.00215423	1260.000000	0.0021359 	1260.000000	2.58117e-07	
1280.000000	0.00168726	1280.000000	0.00213164	1280.000000	0.00215104	1280.000000	0.0021492 	1280.000000	0.00213139	1280.000000	2.54322e-07	
1300.000000	0.00168389	1300.000000	0.00212739	1300.000000	0.00214624	1300.000000	0.00214441	1300.000000	0.00212714	1300.000000	2.50639e-07	
1320.000000	0.00168072	1320.000000	0.0021234 	1320.000000	0.00214168	1320.000000	0.00213983	1320.000000	0.00212315	1320.000000	2.47065e-07	
1340.000000	0.00167776	1340.000000	0.00211965	1340.000000	0.00213733	1340.000000	0.00213547	1340.000000	0.00211941	1340.000000	2.43594e-07	
1360.000000	0.001675  	1360.000000	0.00211614	1360.000000	0.00213319	1360.000000	0.0021313 	1360.000000	0.0021159 	1360.000000	2.40222e-07	
1380.000000	0.00167242	1380.000000	0.00211285	1380.000000	0.00212923	1380.000000	0.00212732	1380.000000	0.00211261	1380.000000	2.36945e-07	
1400.000000	0.00167003	1400.000000	0.00210977	1400.000000	0.00212545	1400.000000	0.00212351	1400.000000	0.00210954	1400.000000	2.33759e-07	
1420.000000	0.0016678 	1420.000000	0.0021069 	1420.000000	0.00212185	1420.000000	0.00211988	1420.000000	0.00210667	1420.000000	2.30659e-07	
1440.000000	0.00166575	1440.000000	0.00210423	1440.000000	0.00211839	1440.000000	0.00211642	1440.000000	0.002104  	1440.000000	2.27643e-07	
1460.000000	0.00166385	1460.000000	0.00210174	1460.000000	0.00211509	1460.000000	0.0021131 	1460.000000	0.00210152	1460.000000	2.24707e-07	
1480.000000	0.00166211	1480.000000	0.00209944	1480.000000	0.00211193	1480.000000	0.00210994	1480.000000	0.00209922	1480.000000	2.21848e-07	
1500.000000	0.00166051	1500.000000	0.00209731	1500.000000	0.00210891	1500.000000	0.00210692	1500.000000	0.00209709	1500.000000	2.19063e-07	
1520.000000	0.00165906	1520.000000	0.00209535	1520.000000	0.00210602	1520.000000	0.00210404	1520.000000	0.00209513	1520.000000	2.16349e-07	
1540.000000	0.00165774	1540.000000	0.00209355	1540.000000	0.00210326	1540.000000	0.00210129	1540.000000	0.00209334	1540.000000	2.13703e-07	
1560.000000	0.00165656	1560.000000	0.0020919 	1560.000000	0.00210062	1560.000000	0.00209866	1560.000000	0.00209169	1560.000000	2.11123e-07	
1580.000000	0.00165551	1580.000000	0.00209041	1580.000000	0.0020981 	1580.000000	0.00209615	1580.000000	0.0020902 	1580.000000	2.08606e-07	
1600.000000	0.00165458	1600.000000	0.00208906	1600.000000	0.0020957 	1600.000000	0.00209376	1600.000000	0.00208885	1600.000000	2.0615e-07	
1620.000000	0.00165377	1620.000000	0.00208784	1620.000000	0.00209341	1620.000000	0.00209148	1620.000000	0.00208764	1620.000000	2.03753e-07	
1640.000000	0.00165308	1640.000000	0.00208676	1640.000000	0.00209123	1640.000000	0.0020893 	1640.000000	0.00208656	1640.000000	2.01413e-07	
1660.000000	0.0016525 	1660.000000	0.00208581	1660.000000	0.00208914	1660.000000	0.00208722	1660.000000	0.00208561	1660.000000	1.99127e-07	
1680.000000	0.00165202	1680.000000	0.00208498	1680.000000	0.00208716	1680.000000	0.00208524	1680.000000	0.00208479	1680.000000	1.96894e-07	
1700.000000	0.00165165	1700.000000	0.00208428	1700.000000	0.00208527	1700.000000	0.00208336	1700.000000	0.00208408	1700.000000	1.94712e-07	
1750.000000	0.00165117	1750.000000	0.002083  	1750.000000	0.00208093	1750.000000	0.00207903	1750.000000	0.00208281	1750.000000	1.89469e-07	
1800.000000	0.00165126	1800.000000	0.00208239	1800.000000	0.0020771 	1800.000000	0.0020752 	1800.000000	0.00208221	1800.000000	1.84508e-07	
1850.000000	0.00165191	1850.000000	0.00208239	1850.000000	0.00207372	1850.000000	0.00207183	1850.000000	0.00208221	1850.000000	1.79808e-07	
1900.000000	0.00165305	1900.000000	0.00208296	1900.000000	0.00207077	1900.000000	0.00206888	1900.000000	0.00208278	1900.000000	1.75347e-07	
1950.000000	0.00165467	1950.000000	0.00208404	1950.000000	0.00206819	1950.000000	0.00206632	1950.000000	0.00208387	1950.000000	1.71108e-07	
2000.000000	0.00165672	2000.000000	0.0020856 	2000.000000	0.00206596	2000.000000	0.00206409	2000.000000	0.00208543	2000.000000	1.67075e-07	
2100.000000	0.00166202	2100.000000	0.00209003	2100.000000	0.00206242	2100.000000	0.00206057	2100.000000	0.00208987	2100.000000	1.59567e-07	
2200.000000	0.00166877	2200.000000	0.00209599	2200.000000	0.00205995	2200.000000	0.00205811	2200.000000	0.00209584	2200.000000	1.52723e-07	
2300.000000	0.00167679	2300.000000	0.0021033 	2300.000000	0.00205837	2300.000000	0.00205654	2300.000000	0.00210316	2300.000000	1.46456e-07	
2400.000000	0.00168594	2400.000000	0.00211178	2400.000000	0.00205754	2400.000000	0.00205572	2400.000000	0.00211164	2400.000000	1.40696e-07	
2500.000000	0.0016961 	2500.000000	0.00212129	2500.000000	0.00205736	2500.000000	0.00205555	2500.000000	0.00212115	2500.000000	1.35383e-07	
2600.000000	0.00170719	2600.000000	0.00213171	2600.000000	0.00205773	2600.000000	0.00205593	2600.000000	0.00213158	2600.000000	1.30468e-07	
2700.000000	0.0017191 	2700.000000	0.00214293	2700.000000	0.00205856	2700.000000	0.00205676	2700.000000	0.00214281	2700.000000	1.25905e-07	
2800.000000	0.00173177	2800.000000	0.00215488	2800.000000	0.00205979	2800.000000	0.002058  	2800.000000	0.00215476	2800.000000	1.2166e-07	
2900.000000	0.00174513	2900.000000	0.00216747	2900.000000	0.00206136	2900.000000	0.00205958	2900.000000	0.00216735	2900.000000	1.17698e-07	
3000.000000	0.00175913	3000.000000	0.00218064	3000.000000	0.00206323	3000.000000	0.00206145	3000.000000	0.00218053	3000.000000	1.13993e-07	
3200.000000	0.00178884	3200.000000	0.00220849	3200.000000	0.00206769	3200.000000	0.00206592	3200.000000	0.00220838	3200.000000	1.07258e-07	
3400.000000	0.00182058	3400.000000	0.00223805	3400.000000	0.00207289	3400.000000	0.00207113	3400.000000	0.00223795	3400.000000	1.01293e-07	
3600.000000	0.00185409	3600.000000	0.00226903	3600.000000	0.00207865	3600.000000	0.0020769 	3600.000000	0.00226893	3600.000000	9.59721e-08	
3800.000000	0.00188917	3800.000000	0.00230119	3800.000000	0.00208481	3800.000000	0.00208306	3800.000000	0.0023011 	3800.000000	9.11957e-08	
4000.000000	0.00192565	4000.000000	0.00233434	4000.000000	0.00209125	4000.000000	0.00208951	4000.000000	0.00233426	4000.000000	8.68835e-08	
4200.000000	0.0019634 	4200.000000	0.00236835	4200.000000	0.0020979 	4200.000000	0.00209617	4200.000000	0.00236826	4200.000000	8.29705e-08	
4400.000000	0.00200231	4400.000000	0.00240307	4400.000000	0.00210469	4400.000000	0.00210296	4400.000000	0.00240299	4400.000000	7.94033e-08	
4600.000000	0.00204228	4600.000000	0.00243841	4600.000000	0.00211156	4600.000000	0.00210983	4600.000000	0.00243834	4600.000000	7.61376e-08	
4800.000000	0.00208325	4800.000000	0.00247429	4800.000000	0.00211847	4800.000000	0.00211675	4800.000000	0.00247422	4800.000000	7.31364e-08	
5000.000000	0.00212513	5000.000000	0.00251064	5000.000000	0.0021254 	5000.000000	0.00212368	5000.000000	0.00251057	5000.000000	7.03686e-08	
5250.000000	0.00217871	5250.000000	0.00255664	5250.000000	0.00213403	5250.000000	0.00213232	5250.000000	0.00255657	5250.000000	6.71972e-08	
5500.000000	0.00223354	5500.000000	0.00260317	5500.000000	0.00214261	5500.000000	0.0021409 	5500.000000	0.0026031 	5500.000000	6.43061e-08	
6000.000000	0.00234673	6000.000000	0.00269753	6000.000000	0.0021595 	6000.000000	0.00215779	6000.000000	0.00269747	6000.000000	5.92273e-08	
6500.000000	0.00246421	6500.000000	0.00279324	6500.000000	0.00217593	6500.000000	0.00217423	6500.000000	0.00279319	6500.000000	5.49091e-08	
7000.000000	0.00258565	7000.000000	0.00288995	7000.000000	0.00219183	7000.000000	0.00219013	7000.000000	0.0028899 	7000.000000	5.11915e-08	
7500.000000	0.0027108 	7500.000000	0.0029874 	7500.000000	0.00220718	7500.000000	0.00220548	7500.000000	0.00298735	7500.000000	4.79563e-08	
8000.000000	0.00283946	8000.000000	0.00308541	8000.000000	0.00222198	8000.000000	0.00222028	8000.000000	0.00308536	8000.000000	4.51148e-08	
8500.000000	0.0029715 	8500.000000	0.00318384	8500.000000	0.00223623	8500.000000	0.00223454	8500.000000	0.0031838 	8500.000000	4.25988e-08	
9000.000000	0.00310679	9000.000000	0.00328259	9000.000000	0.00224996	9000.000000	0.00224827	9000.000000	0.00328255	9000.000000	4.03548e-08	
9500.000000	0.00324525	9500.000000	0.00338157	9500.000000	0.0022632 	9500.000000	0.0022615 	9500.000000	0.00338153	9500.000000	3.83408e-08	
10000.000000	0.0033868 	10000.000000	0.00348071	10000.000000	0.00227596	10000.000000	0.00227426	10000.000000	0.00348068	10000.000000	3.65228e-08	
11000.000000	0.00367897	11000.000000	0.00367932	11000.000000	0.00230014	11000.000000	0.00229845	11000.000000	0.00367929	11000.000000	3.33698e-08	
12000.000000	0.00398296	12000.000000	0.00387812	12000.000000	0.00232266	12000.000000	0.00232102	12000.000000	0.00387809	12000.000000	3.0729e-08	
13000.000000	0.00429854	13000.000000	0.00407693	13000.000000	0.00234377	13000.000000	0.00234216	13000.000000	0.0040769 	13000.000000	2.84841e-08	
14000.000000	0.00462557	14000.000000	0.00427562	14000.000000	0.00236366	14000.000000	0.00236202	14000.000000	0.00427559	14000.000000	2.65518e-08	
15000.000000	0.00496393	15000.000000	0.0044741 	15000.000000	0.00238244	15000.000000	0.00238073	15000.000000	0.00447408	15000.000000	2.48705e-08	
16000.000000	0.00531356	16000.000000	0.00467234	16000.000000	0.00240017	16000.000000	0.00239842	16000.000000	0.00467231	16000.000000	2.3394e-08	
17000.000000	0.00567442	17000.000000	0.00487028	17000.000000	0.00241693	17000.000000	0.00241517	17000.000000	0.00487026	17000.000000	2.20867e-08	
18000.000000	0.00604651	18000.000000	0.00506791	18000.000000	0.00243281	18000.000000	0.00243109	18000.000000	0.00506789	18000.000000	2.0921e-08	
19000.000000	0.0064298 	19000.000000	0.00526522	19000.000000	0.0024479 	19000.000000	0.00244624	19000.000000	0.0052652 	19000.000000	1.98748e-08	
20000.000000	0.0068243 	20000.000000	0.00546219	20000.000000	0.00246227	20000.000000	0.0024607 	20000.000000	0.00546218	20000.000000	1.89306e-08	
21000.000000	0.00723004	21000.000000	0.00565883	21000.000000	0.002476  	21000.000000	0.00247452	21000.000000	0.00565882	21000.000000	1.8074e-08	
22000.000000	0.00764704	22000.000000	0.00585514	22000.000000	0.00248919	22000.000000	0.00248776	22000.000000	0.00585512	22000.000000	1.72933e-08	
23000.000000	0.00807532	23000.000000	0.00605111	23000.000000	0.00250188	23000.000000	0.00250046	23000.000000	0.00605109	23000.000000	1.65787e-08	
24000.000000	0.00851492	24000.000000	0.00624675	24000.000000	0.00251408	24000.000000	0.00251266	24000.000000	0.00624673	24000.000000	1.59222e-08	
25000.000000	0.00896588	25000.000000	0.00644206	25000.000000	0.00252579	25000.000000	0.0025244 	25000.000000	0.00644205	25000.000000	1.53168e-08	
26000.000000	0.00942823	26000.000000	0.00663706	26000.000000	0.00253708	26000.000000	0.00253571	26000.000000	0.00663704	26000.000000	1.47569e-08	
27000.000000	0.00990203	27000.000000	0.00683174	27000.000000	0.00254801	27000.000000	0.00254663	27000.000000	0.00683173	27000.000000	1.42373e-08	
28000.000000	0.0103873 	28000.000000	0.00702612	28000.000000	0.00255856	28000.000000	0.00255717	28000.000000	0.0070261 	28000.000000	1.37539e-08	
29000.000000	0.0108842 	29000.000000	0.00722019	29000.000000	0.00256872	29000.000000	0.00256737	29000.000000	0.00722018	29000.000000	1.3303e-08	
30000.000000	0.0113926 	30000.000000	0.00741397	30000.000000	0.00257854	30000.000000	0.00257724	30000.000000	0.00741396	30000.000000	1.28814e-08	
32000.000000	0.0124444 	32000.000000	0.00780068	32000.000000	0.00259725	32000.000000	0.00259609	32000.000000	0.00780067	32000.000000	1.21152e-08	
34000.000000	0.0135433 	34000.000000	0.00818629	34000.000000	0.00261492	34000.000000	0.00261385	34000.000000	0.00818628	34000.000000	1.1437e-08	
36000.000000	0.0146896 	36000.000000	0.00857086	36000.000000	0.00263164	36000.000000	0.00263064	36000.000000	0.00857085	36000.000000	1.08323e-08	
38000.000000	0.0158839 	38000.000000	0.00895442	38000.000000	0.0026475 	38000.000000	0.00264656	38000.000000	0.00895441	38000.000000	1.02896e-08	
40000.000000	0.0171266 	40000.000000	0.00933703	40000.000000	0.00266258	40000.000000	0.0026617 	40000.000000	0.00933702	40000.000000	9.79992e-09	
42000.000000	0.0184183 	42000.000000	0.00971872	42000.000000	0.00267695	42000.000000	0.00267613	42000.000000	0.00971871	42000.000000	9.35569e-09	
44000.000000	0.0197595 	44000.000000	0.0100995 	44000.000000	0.00269067	44000.000000	0.00268991	44000.000000	0.0100995 	44000.000000	8.95085e-09	
46000.000000	0.0211505 	46000.000000	0.0104795 	46000.000000	0.0027038 	46000.000000	0.0027031 	46000.000000	0.0104795 	46000.000000	8.58034e-09	
48000.000000	0.0225921 	48000.000000	0.0108587 	48000.000000	0.00271638	48000.000000	0.00271574	48000.000000	0.0108587 	48000.000000	8.23995e-09	
50000.000000	0.0240847 	50000.000000	0.0112371 	50000.000000	0.00272844	50000.000000	0.00272789	50000.000000	0.0112371 	50000.000000	7.92612e-09	
