Energy (MeV/u)1	0 - [He-base] F.Hubert et al, AD&ND Tables 46(1990)1	Energy (MeV/u)2	1 - [H -base] J.F.Ziegler et al, Pergamon Press, NY (low energy)	Energy (MeV/u)3	2 - ATIMA 1.2  LS-theory (recommended for high energy)	Energy (MeV/u)4	3 - ATIMA 1.2  without LS-correction	Energy (MeV/u)5	4 - electrical component of [1] - J.F.Ziegler et al	Energy (MeV/u)6	5 - nuclear component of [1] - J.F.Ziegler et al	
0.001000	0.793204  	0.001000	0.793204  	0.001000	0.817227  	0.001000	0.817227  	0.001000	0.402174  	0.001000	0.39103   	
0.002000	0.882581  	0.002000	0.882581  	0.002000	0.928255  	0.002000	0.928255  	0.002000	0.557055  	0.002000	0.325526  	
0.005000	1.07867   	0.005000	1.07867   	0.005000	1.17476   	0.005000	1.17476   	0.005000	0.856899  	0.005000	0.221772  	
0.008000	1.24136   	0.008000	1.24136   	0.008000	1.37808   	0.008000	1.37808   	0.008000	1.06873   	0.008000	0.172633  	
0.010000	1.33855   	0.010000	1.33855   	0.010000	1.49938   	0.010000	1.49938   	0.010000	1.1869    	0.010000	0.151653  	
0.015000	1.57799   	0.015000	1.57799   	0.015000	1.77917   	0.015000	1.77917   	0.015000	1.45996   	0.015000	0.118025  	
0.020000	1.90061   	0.020000	1.90061   	0.020000	2.08274   	0.020000	2.08274   	0.020000	1.80286   	0.020000	0.0977563 	
0.025000	2.21665   	0.025000	2.21665   	0.025000	2.38231   	0.025000	2.38231   	0.025000	2.13263   	0.025000	0.0840164 	
0.030000	2.51688   	0.030000	2.51688   	0.030000	2.5569    	0.030000	2.5569    	0.030000	2.44288   	0.030000	0.0740045 	
0.035000	2.79649   	0.035000	2.79649   	0.035000	2.73538   	0.035000	2.73538   	0.035000	2.73077   	0.035000	0.0657281 	
0.040000	3.05516   	0.040000	3.05516   	0.040000	2.91654   	0.040000	2.91654   	0.040000	2.99544   	0.040000	0.0597197 	
0.045000	3.29196   	0.045000	3.29196   	0.045000	3.09765   	0.045000	3.09765   	0.045000	3.23714   	0.045000	0.054815  	
0.050000	3.50746   	0.050000	3.50746   	0.050000	3.27699   	0.050000	3.27699   	0.050000	3.45673   	0.050000	0.050727  	
0.055000	3.70273   	0.055000	3.70273   	0.055000	3.45303   	0.055000	3.45303   	0.055000	3.65547   	0.055000	0.0472614 	
0.060000	3.87908   	0.060000	3.87908   	0.060000	3.62445   	0.060000	3.62445   	0.060000	3.8348    	0.060000	0.0442819 	
0.070000	4.18088   	0.070000	4.18088   	0.070000	3.94907   	0.070000	3.94907   	0.070000	4.14146   	0.070000	0.0394122 	
0.080000	4.42451   	0.080000	4.42451   	0.080000	4.24379   	0.080000	4.24379   	0.080000	4.38892   	0.080000	0.0355894 	
0.090000	4.62283   	0.090000	4.62283   	0.090000	4.50427   	0.090000	4.50427   	0.090000	4.59033   	0.090000	0.0325005 	
0.100000	4.79017   	0.100000	4.79017   	0.100000	4.72864   	0.100000	4.72864   	0.100000	4.76022   	0.100000	0.0299472 	
0.120000	5.03417   	0.120000	5.03417   	0.120000	5.07143   	0.120000	5.07143   	0.120000	5.00821   	0.120000	0.0259607 	
0.140000	5.19236   	0.140000	5.19236   	0.140000	5.28965   	0.140000	5.28965   	0.140000	5.16938   	0.140000	0.0229802 	
0.160000	5.28852   	0.160000	5.28852   	0.160000	5.41117   	0.160000	5.41117   	0.160000	5.26786   	0.160000	0.0206595 	
0.180000	5.32591   	0.180000	5.32591   	0.180000	5.46392   	0.180000	5.46392   	0.180000	5.30711   	0.180000	0.0187967 	
0.200000	5.34291   	0.200000	5.34291   	0.200000	5.47101   	0.200000	5.47101   	0.200000	5.32564   	0.200000	0.0172654 	
0.250000	5.33244   	0.250000	5.33244   	0.250000	5.38915   	0.250000	5.38915   	0.250000	5.31804   	0.250000	0.0144026 	
0.300000	5.35865   	0.300000	5.35865   	0.300000	5.26356   	0.300000	5.26356   	0.300000	5.34624   	0.300000	0.0124041 	
0.350000	5.37653   	0.350000	5.37653   	0.350000	5.14156   	0.350000	5.14156   	0.350000	5.3656    	0.350000	0.0109233 	
0.400000	5.33299   	0.400000	5.33299   	0.400000	5.04064   	0.400000	5.04064   	0.400000	5.32321   	0.400000	0.00977864	
0.450000	5.26733   	0.450000	5.26733   	0.450000	4.98647   	0.450000	4.98647   	0.450000	5.25846   	0.450000	0.00886521	
0.500000	5.21874   	0.500000	5.21874   	0.500000	4.92955   	0.500000	4.92955   	0.500000	5.21062   	0.500000	0.00811804	
0.600000	5.11082   	0.600000	5.11082   	0.600000	4.81187   	0.600000	4.81187   	0.600000	5.10385   	0.600000	0.00696598	
0.700000	4.98831   	0.700000	4.98831   	0.700000	4.67998   	0.700000	4.67998   	0.700000	4.98219   	0.700000	0.00611646	
0.800000	4.85213   	0.800000	4.85213   	0.800000	4.54923   	0.800000	4.54923   	0.800000	4.84667   	0.800000	0.00546228	
0.900000	4.71633   	0.900000	4.71633   	0.900000	4.42335   	0.900000	4.42335   	0.900000	4.71139   	0.900000	0.0049419 	
1.000000	4.58344   	1.000000	4.58344   	1.000000	4.30212   	1.000000	4.30212   	1.000000	4.57892   	1.000000	0.00451739	
1.250000	4.23881   	1.250000	4.23881   	1.250000	4.01345   	1.250000	4.01345   	1.250000	4.23508   	1.250000	0.00373196	
1.500000	3.89421   	1.500000	3.89421   	1.500000	3.74352   	1.500000	3.74352   	1.500000	3.89102   	1.500000	0.00319034	
1.750000	3.60815   	1.750000	3.60815   	1.750000	3.51169   	1.750000	3.51169   	1.750000	3.60535   	1.750000	0.00279283	
2.000000	3.34275   	2.000000	3.34275   	2.000000	3.30848   	2.000000	3.30848   	2.000000	3.34026   	2.000000	0.00248788	
2.250000	3.11983   	2.250000	3.11983   	2.250000	3.12825   	2.250000	3.12825   	2.250000	3.11758   	2.250000	0.00224606	
2.500000	3.02851   	2.500000	2.93331   	2.500000	2.96714   	2.500000	2.96714   	2.500000	2.93126   	2.500000	0.00204933	
3.000000	2.73429   	3.000000	2.63433   	3.000000	2.69124   	3.000000	2.69124   	3.000000	2.63258   	3.000000	0.00174796	
3.500000	2.49316   	3.500000	2.40023   	3.500000	2.46383   	3.500000	2.46383   	3.500000	2.39871   	3.500000	0.00152738	
4.000000	2.29253   	4.000000	2.21088   	4.000000	2.27338   	4.000000	2.27338   	4.000000	2.20952   	4.000000	0.00135853	
4.500000	2.12319   	4.500000	2.05367   	4.500000	2.11167   	4.500000	2.11167   	4.500000	2.05244   	4.500000	0.00122489	
5.000000	1.97844   	5.000000	1.92031   	5.000000	1.97271   	5.000000	1.97271   	5.000000	1.91919   	5.000000	0.00111634	
5.500000	1.8533    	5.500000	1.80538   	5.500000	1.85201   	5.500000	1.85201   	5.500000	1.80435   	5.500000	0.00102631	
6.000000	1.74404   	6.000000	1.70507   	6.000000	1.74619   	6.000000	1.74619   	6.000000	1.70412   	6.000000	0.000950376	
6.500000	1.6478    	6.500000	1.61664   	6.500000	1.65263   	6.500000	1.65263   	6.500000	1.61576   	6.500000	0.000885413	
7.000000	1.56238   	7.000000	1.538     	7.000000	1.56929   	7.000000	1.56929   	7.000000	1.53717   	7.000000	0.00082917	
7.500000	1.48602   	7.500000	1.46756   	7.500000	1.49458   	7.500000	1.49458   	7.500000	1.46678   	7.500000	0.000779976	
8.000000	1.41736   	8.000000	1.40404   	8.000000	1.42719   	8.000000	1.42719   	8.000000	1.4033    	8.000000	0.000736562	
8.500000	1.35526   	8.500000	1.34645   	8.500000	1.36608   	8.500000	1.36608   	8.500000	1.34575   	8.500000	0.000697951	
9.000000	1.29882   	9.000000	1.29396   	9.000000	1.3104    	9.000000	1.3104    	9.000000	1.29329   	9.000000	0.000663376	
9.500000	1.2473    	9.500000	1.2459    	9.500000	1.25944   	9.500000	1.25944   	9.500000	1.24527   	9.500000	0.000632225	
10.000000	1.20005   	10.000000	1.21329   	10.000000	1.21262   	10.000000	1.21262   	10.000000	1.21269   	10.000000	0.000604006	
11.000000	1.11643   	11.000000	1.13225   	11.000000	1.12878   	11.000000	1.12968   	11.000000	1.13169   	11.000000	0.000554826	
12.000000	1.04467   	12.000000	1.06177   	12.000000	1.05649   	12.000000	1.058     	12.000000	1.06126   	12.000000	0.000513385	
13.000000	0.98239   	13.000000	0.999969  	13.000000	0.993512  	13.000000	0.995397  	13.000000	0.999491  	13.000000	0.000477966	
14.000000	0.927795  	14.000000	0.945348  	14.000000	0.938112  	14.000000	0.940247  	14.000000	0.9449    	14.000000	0.000447326	
15.000000	0.879524  	15.000000	0.896739  	15.000000	0.88898   	15.000000	0.891279  	15.000000	0.896319  	15.000000	0.000420546	
16.000000	0.836523  	16.000000	0.853209  	16.000000	0.845127  	16.000000	0.847499  	16.000000	0.852812  	16.000000	0.000396929	
17.000000	0.797958  	17.000000	0.814004  	17.000000	0.805742  	17.000000	0.808118  	17.000000	0.813628  	17.000000	0.000375939	
18.000000	0.763165  	18.000000	0.77851   	18.000000	0.770133  	18.000000	0.7725    	18.000000	0.778153  	18.000000	0.000357153	
19.000000	0.731607  	19.000000	0.746225  	19.000000	0.73778   	19.000000	0.740128  	19.000000	0.745884  	19.000000	0.000340237	
20.000000	0.702845  	20.000000	0.71673   	20.000000	0.708285  	20.000000	0.710576  	20.000000	0.716406  	20.000000	0.000324921	
21.000000	0.676516  	21.000000	0.689679  	21.000000	0.681285  	21.000000	0.683491  	21.000000	0.689368  	21.000000	0.000310985	
22.000000	0.652318  	22.000000	0.664778  	22.000000	0.65646   	22.000000	0.658575  	22.000000	0.66448   	22.000000	0.000298248	
23.000000	0.629997  	23.000000	0.64178   	23.000000	0.63355   	23.000000	0.635581  	23.000000	0.641493  	23.000000	0.000286559	
24.000000	0.60934   	24.000000	0.620472  	24.000000	0.612342  	24.000000	0.614294  	24.000000	0.620196  	24.000000	0.000275791	
25.000000	0.590162  	25.000000	0.600674  	25.000000	0.592658  	25.000000	0.594534  	25.000000	0.600408  	25.000000	0.00026584	
27.000000	0.555642  	27.000000	0.565004  	27.000000	0.557287  	27.000000	0.558988  	27.000000	0.564756  	27.000000	0.000248033	
29.000000	0.525421  	29.000000	0.53375   	29.000000	0.526438  	29.000000	0.527924  	29.000000	0.533517  	29.000000	0.000232556	
31.000000	0.498727  	31.000000	0.506132  	31.000000	0.499444  	31.000000	0.500661  	31.000000	0.505913  	31.000000	0.000218975	
33.000000	0.474966  	33.000000	0.481546  	33.000000	0.475544  	33.000000	0.476514  	33.000000	0.481339  	33.000000	0.000206957	
35.000000	0.45367   	35.000000	0.459513  	35.000000	0.454125  	35.000000	0.454879  	35.000000	0.459317  	35.000000	0.000196243	
38.000000	0.425553  	38.000000	0.430435  	38.000000	0.425848  	38.000000	0.426326  	38.000000	0.430253  	38.000000	0.000182181	
41.000000	0.401191  	41.000000	0.405259  	41.000000	0.401357  	41.000000	0.401598  	41.000000	0.405089  	41.000000	0.000170076	
44.000000	0.379865  	44.000000	0.383241  	44.000000	0.37986   	44.000000	0.37996   	44.000000	0.383082  	44.000000	0.000159541	
47.000000	0.361028  	47.000000	0.363816  	47.000000	0.360908  	47.000000	0.360859  	47.000000	0.363665  	47.000000	0.000150286	
50.000000	0.34426   	50.000000	0.346545  	50.000000	0.344033  	50.000000	0.343864  	50.000000	0.346403  	50.000000	0.000142087	
55.000000	0.320044  	55.000000	0.321649  	55.000000	0.319627  	55.000000	0.319339  	55.000000	0.321518  	55.000000	0.000130316	
60.000000	0.299539  	60.000000	0.300617  	60.000000	0.298972  	60.000000	0.298594  	60.000000	0.300497  	60.000000	0.000120415	
65.000000	0.281936  	65.000000	0.282607  	65.000000	0.281225  	65.000000	0.280804  	65.000000	0.282495  	65.000000	0.000111967	
70.000000	0.266646  	70.000000	0.267003  	70.000000	0.265871  	70.000000	0.265371  	70.000000	0.266898  	70.000000	0.000104669	
75.000000	0.253232  	75.000000	0.253349  	75.000000	0.252366  	75.000000	0.25185   	75.000000	0.25325   	75.000000	9.82998e-05	
80.000000	0.24136   	80.000000	0.241297  	80.000000	0.240464  	80.000000	0.239902  	80.000000	0.241204  	80.000000	9.26896e-05	
85.000000	0.230775  	85.000000	0.230578  	85.000000	0.229832  	85.000000	0.229263  	85.000000	0.23049   	85.000000	8.77089e-05	
90.000000	0.221271  	90.000000	0.22098   	90.000000	0.220333  	90.000000	0.219727  	90.000000	0.220897  	90.000000	8.32562e-05	
95.000000	0.212688  	95.000000	0.212334  	95.000000	0.211736  	95.000000	0.211129  	95.000000	0.212255  	95.000000	7.92506e-05	
100.000000	0.204894  	100.000000	0.204505  	100.000000	0.203944  	100.000000	0.203336  	100.000000	0.204429  	100.000000	7.56273e-05	
105.000000	0.197784  	105.000000	0.19738   	105.000000	0.196845  	105.000000	0.196238  	105.000000	0.197308  	105.000000	7.23333e-05	
110.000000	0.191268  	110.000000	0.190868  	110.000000	0.190375  	110.000000	0.189746  	110.000000	0.190799  	110.000000	6.9325e-05	
115.000000	0.185273  	115.000000	0.184892  	115.000000	0.18442   	115.000000	0.183784  	115.000000	0.184825  	115.000000	6.65665e-05	
120.000000	0.179737  	120.000000	0.179388  	120.000000	0.178921  	120.000000	0.17829   	120.000000	0.179324  	120.000000	6.40275e-05	
125.000000	0.174609  	125.000000	0.174302  	125.000000	0.17384   	125.000000	0.173211  	125.000000	0.174241  	125.000000	6.16823e-05	
130.000000	0.169843  	130.000000	0.169588  	130.000000	0.169127  	130.000000	0.168499  	130.000000	0.169528  	130.000000	5.95094e-05	
135.000000	0.165402  	135.000000	0.165206  	135.000000	0.164743  	135.000000	0.164118  	135.000000	0.165148  	135.000000	5.74902e-05	
140.000000	0.161252  	140.000000	0.161121  	140.000000	0.160656  	140.000000	0.160033  	140.000000	0.161066  	140.000000	5.56088e-05	
145.000000	0.157365  	145.000000	0.157306  	145.000000	0.156836  	145.000000	0.156215  	145.000000	0.157252  	145.000000	5.38513e-05	
150.000000	0.153716  	150.000000	0.153732  	150.000000	0.153257  	150.000000	0.152639  	150.000000	0.15368   	150.000000	5.22057e-05	
155.000000	0.148486  	155.000000	0.150379  	155.000000	0.149897  	155.000000	0.149281  	155.000000	0.150328  	155.000000	5.06616e-05	
160.000000	0.145467  	160.000000	0.147226  	160.000000	0.146737  	160.000000	0.146124  	160.000000	0.147177  	160.000000	4.92096e-05	
165.000000	0.142618  	165.000000	0.144256  	165.000000	0.143759  	165.000000	0.143149  	165.000000	0.144208  	165.000000	4.78417e-05	
170.000000	0.139926  	170.000000	0.141453  	170.000000	0.140949  	170.000000	0.14034   	170.000000	0.141406  	170.000000	4.65507e-05	
175.000000	0.137377  	175.000000	0.138803  	175.000000	0.138292  	175.000000	0.137686  	175.000000	0.138758  	175.000000	4.53303e-05	
180.000000	0.13496   	180.000000	0.136295  	180.000000	0.135776  	180.000000	0.135172  	180.000000	0.136251  	180.000000	4.41746e-05	
185.000000	0.132665  	185.000000	0.133917  	185.000000	0.13339   	185.000000	0.132789  	185.000000	0.133874  	185.000000	4.30786e-05	
190.000000	0.130483  	190.000000	0.131659  	190.000000	0.131124  	190.000000	0.130525  	190.000000	0.131617  	190.000000	4.20378e-05	
195.000000	0.128406  	195.000000	0.129513  	195.000000	0.12897   	195.000000	0.128374  	195.000000	0.129472  	195.000000	4.1048e-05	
200.000000	0.126425  	200.000000	0.127469  	200.000000	0.12692   	200.000000	0.126326  	200.000000	0.127429  	200.000000	4.01055e-05	
210.000000	0.12273   	210.000000	0.123665  	210.000000	0.123102  	210.000000	0.122512  	210.000000	0.123626  	210.000000	3.83493e-05	
220.000000	0.119351  	220.000000	0.120194  	220.000000	0.119619  	220.000000	0.119034  	220.000000	0.120157  	220.000000	3.6746e-05	
230.000000	0.116247  	230.000000	0.117016  	230.000000	0.11643   	230.000000	0.115849  	230.000000	0.11698   	230.000000	3.52762e-05	
240.000000	0.113388  	240.000000	0.114094  	240.000000	0.113498  	240.000000	0.112922  	240.000000	0.11406   	240.000000	3.39236e-05	
250.000000	0.110744  	250.000000	0.1114    	250.000000	0.110798  	250.000000	0.110223  	250.000000	0.111367  	250.000000	3.26746e-05	
260.000000	0.108292  	260.000000	0.108907  	260.000000	0.108293  	260.000000	0.107728  	260.000000	0.108876  	260.000000	3.15177e-05	
270.000000	0.106012  	270.000000	0.106595  	270.000000	0.105965  	270.000000	0.105414  	270.000000	0.106564  	270.000000	3.04428e-05	
280.000000	0.103887  	280.000000	0.104444  	280.000000	0.103811  	280.000000	0.103262  	280.000000	0.104414  	280.000000	2.94414e-05	
290.000000	0.101901  	290.000000	0.102438  	290.000000	0.101803  	290.000000	0.101257  	290.000000	0.10241   	290.000000	2.85062e-05	
300.000000	0.100041  	300.000000	0.100564  	300.000000	0.099927  	300.000000	0.0993839 	300.000000	0.100537  	300.000000	2.76308e-05	
310.000000	0.0982959 	310.000000	0.098809  	310.000000	0.0981713 	310.000000	0.097631  	310.000000	0.0987822 	310.000000	2.68094e-05	
320.000000	0.096655  	320.000000	0.0971621 	320.000000	0.0965247 	320.000000	0.095987  	320.000000	0.097136  	320.000000	2.60372e-05	
330.000000	0.0951093 	330.000000	0.0956138 	330.000000	0.0949772 	330.000000	0.0944426 	330.000000	0.0955885 	330.000000	2.53099e-05	
340.000000	0.0936511 	340.000000	0.0941558 	340.000000	0.0935216 	340.000000	0.0929892 	340.000000	0.0941312 	340.000000	2.46235e-05	
350.000000	0.0922731 	350.000000	0.0927806 	350.000000	0.0921502 	350.000000	0.0916191 	350.000000	0.0927566 	350.000000	2.39748e-05	
360.000000	0.0909691 	360.000000	0.0914815 	360.000000	0.0908506 	360.000000	0.0903258 	360.000000	0.0914582 	360.000000	2.33605e-05	
370.000000	0.0897334 	370.000000	0.0902525 	370.000000	0.0896186 	370.000000	0.0891031 	370.000000	0.0902298 	370.000000	2.27781e-05	
380.000000	0.0885609 	380.000000	0.0890883 	380.000000	0.0884566 	380.000000	0.0879457 	380.000000	0.0890661 	380.000000	2.22251e-05	
390.000000	0.0874469 	390.000000	0.0879841 	390.000000	0.0873585 	390.000000	0.0868487 	390.000000	0.0879624 	390.000000	2.16993e-05	
400.000000	0.0863873 	400.000000	0.0869354 	400.000000	0.086316  	400.000000	0.0858076 	400.000000	0.0869142 	400.000000	2.11987e-05	
410.000000	0.0853784 	410.000000	0.0859384 	410.000000	0.0853247 	410.000000	0.0848185 	410.000000	0.0859176 	410.000000	2.07215e-05	
420.000000	0.0844167 	420.000000	0.0849894 	420.000000	0.0843817 	420.000000	0.0838777 	420.000000	0.0849691 	420.000000	2.0266e-05	
430.000000	0.0834991 	430.000000	0.0840852 	430.000000	0.0834845 	430.000000	0.082982  	430.000000	0.0840654 	430.000000	1.98309e-05	
440.000000	0.0826228 	440.000000	0.0832229 	440.000000	0.0826301 	440.000000	0.0821284 	440.000000	0.0832035 	440.000000	1.94148e-05	
450.000000	0.0817851 	450.000000	0.0823998 	450.000000	0.081814  	450.000000	0.0813142 	450.000000	0.0823808 	450.000000	1.90163e-05	
460.000000	0.0809837 	460.000000	0.0816133 	460.000000	0.0810318 	460.000000	0.0805367 	460.000000	0.0815947 	460.000000	1.86345e-05	
470.000000	0.0802164 	470.000000	0.0808612 	470.000000	0.0802826 	470.000000	0.0797938 	470.000000	0.080843  	470.000000	1.82683e-05	
480.000000	0.0794812 	480.000000	0.0801415 	480.000000	0.0795676 	480.000000	0.0790833 	480.000000	0.0801235 	480.000000	1.79167e-05	
490.000000	0.0787762 	490.000000	0.0794521 	490.000000	0.0788859 	490.000000	0.0784033 	490.000000	0.0794345 	490.000000	1.75789e-05	
500.000000	0.0780997 	500.000000	0.0787913 	500.000000	0.078234  	500.000000	0.0777519 	500.000000	0.0787741 	500.000000	1.72541e-05	
520.000000	0.076826  	520.000000	0.0775493 	520.000000	0.0770085 	520.000000	0.0765287 	520.000000	0.0775326 	520.000000	1.66403e-05	
540.000000	0.0756488 	540.000000	0.0764036 	540.000000	0.075879  	540.000000	0.0754018 	540.000000	0.0763876 	540.000000	1.60702e-05	
560.000000	0.0745583 	560.000000	0.0753444 	560.000000	0.0748359 	560.000000	0.0743612 	560.000000	0.0753288 	560.000000	1.55392e-05	
580.000000	0.073546  	580.000000	0.0743628 	580.000000	0.0738692 	580.000000	0.0733978 	580.000000	0.0743477 	580.000000	1.50434e-05	
600.000000	0.0726046 	600.000000	0.0734513 	600.000000	0.0729699 	600.000000	0.0725042 	600.000000	0.0734367 	600.000000	1.45793e-05	
620.000000	0.0717275 	620.000000	0.0726034 	620.000000	0.0721338 	620.000000	0.0716736 	620.000000	0.0725892 	620.000000	1.4144e-05	
640.000000	0.0709091 	640.000000	0.0718132 	640.000000	0.071358  	640.000000	0.0709001 	640.000000	0.0717994 	640.000000	1.37348e-05	
660.000000	0.0701443 	660.000000	0.0710756 	660.000000	0.0706352 	660.000000	0.0701785 	660.000000	0.0710622 	660.000000	1.33494e-05	
680.000000	0.0694287 	680.000000	0.0703861 	680.000000	0.0699593 	680.000000	0.0695043 	680.000000	0.0703731 	680.000000	1.29858e-05	
700.000000	0.0687583 	700.000000	0.0697407 	700.000000	0.0693271 	700.000000	0.0688734 	700.000000	0.069728  	700.000000	1.26422e-05	
720.000000	0.0681296 	720.000000	0.0691358 	720.000000	0.0687351 	720.000000	0.0682822 	720.000000	0.0691234 	720.000000	1.23169e-05	
740.000000	0.0675393 	740.000000	0.0685682 	740.000000	0.0681835 	740.000000	0.0677331 	740.000000	0.0685561 	740.000000	1.20085e-05	
760.000000	0.0669846 	760.000000	0.068035  	760.000000	0.0676681 	760.000000	0.0672224 	760.000000	0.0680233 	760.000000	1.17157e-05	
780.000000	0.066463  	780.000000	0.0675337 	780.000000	0.0671831 	780.000000	0.0667422 	780.000000	0.0675222 	780.000000	1.14373e-05	
800.000000	0.065972  	800.000000	0.0670619 	800.000000	0.0667286 	800.000000	0.0662901 	800.000000	0.0670507 	800.000000	1.11723e-05	
820.000000	0.0655097 	820.000000	0.0666175 	820.000000	0.0663018 	820.000000	0.0658642 	820.000000	0.0666066 	820.000000	1.09197e-05	
840.000000	0.065074  	840.000000	0.0661986 	840.000000	0.0658995 	840.000000	0.0654625 	840.000000	0.066188  	840.000000	1.06787e-05	
860.000000	0.0646632 	860.000000	0.0658035 	860.000000	0.0655193 	860.000000	0.0650833 	860.000000	0.0657931 	860.000000	1.04484e-05	
880.000000	0.0642758 	880.000000	0.0654306 	880.000000	0.0651599 	880.000000	0.064725  	880.000000	0.0654204 	880.000000	1.02283e-05	
900.000000	0.0639102 	900.000000	0.0650784 	900.000000	0.0648204 	900.000000	0.0643863 	900.000000	0.0650684 	900.000000	1.00175e-05	
920.000000	0.0635652 	920.000000	0.0647457 	920.000000	0.0644995 	920.000000	0.0640658 	920.000000	0.0647359 	920.000000	9.8155e-06	
940.000000	0.0632395 	940.000000	0.0644311 	940.000000	0.0641952 	940.000000	0.0637624 	940.000000	0.0644215 	940.000000	9.62179e-06	
960.000000	0.0629319 	960.000000	0.0641337 	960.000000	0.0639061 	960.000000	0.0634749 	960.000000	0.0641242 	960.000000	9.43584e-06	
980.000000	0.0626415 	980.000000	0.0638523 	980.000000	0.0636308 	980.000000	0.0632023 	980.000000	0.063843  	980.000000	9.25718e-06	
1000.000000	0.0623672 	1000.000000	0.063586  	1000.000000	0.0633692 	1000.000000	0.0629438 	1000.000000	0.063577  	1000.000000	9.0854e-06	
1020.000000	0.0621083 	1020.000000	0.0633341 	1020.000000	0.0631212 	1020.000000	0.0626985 	1020.000000	0.0633251 	1020.000000	8.92009e-06	
1040.000000	0.0618637 	1040.000000	0.0630955 	1040.000000	0.0628864 	1040.000000	0.0624655 	1040.000000	0.0630868 	1040.000000	8.7609e-06	
1060.000000	0.0616329 	1060.000000	0.0628697 	1060.000000	0.0626642 	1060.000000	0.0622442 	1060.000000	0.0628611 	1060.000000	8.60748e-06	
1080.000000	0.061415  	1080.000000	0.0626559 	1080.000000	0.0624534 	1080.000000	0.0620339 	1080.000000	0.0626474 	1080.000000	8.45953e-06	
1100.000000	0.0612095 	1100.000000	0.0624535 	1100.000000	0.0622531 	1100.000000	0.0618339 	1100.000000	0.0624451 	1100.000000	8.31675e-06	
1120.000000	0.0610157 	1120.000000	0.0622618 	1120.000000	0.0620625 	1120.000000	0.0616437 	1120.000000	0.0622536 	1120.000000	8.17888e-06	
1140.000000	0.060833  	1140.000000	0.0620804 	1140.000000	0.061881  	1140.000000	0.0614628 	1140.000000	0.0620723 	1140.000000	8.04565e-06	
1160.000000	0.0606609 	1160.000000	0.0619086 	1160.000000	0.0617081 	1160.000000	0.0612905 	1160.000000	0.0619007 	1160.000000	7.91685e-06	
1180.000000	0.0604989 	1180.000000	0.0617461 	1180.000000	0.0615436 	1180.000000	0.0611266 	1180.000000	0.0617383 	1180.000000	7.79225e-06	
1200.000000	0.0603465 	1200.000000	0.0615924 	1200.000000	0.0613869 	1200.000000	0.0609704 	1200.000000	0.0615847 	1200.000000	7.67164e-06	
1220.000000	0.0602033 	1220.000000	0.061447  	1220.000000	0.0612379 	1220.000000	0.0608217 	1220.000000	0.0614395 	1220.000000	7.55483e-06	
1240.000000	0.0600689 	1240.000000	0.0613096 	1240.000000	0.061096  	1240.000000	0.06068   	1240.000000	0.0613021 	1240.000000	7.44165e-06	
1260.000000	0.0599429 	1260.000000	0.0611797 	1260.000000	0.0609607 	1260.000000	0.060545  	1260.000000	0.0611724 	1260.000000	7.33193e-06	
1280.000000	0.0598249 	1280.000000	0.0610571 	1280.000000	0.0608315 	1280.000000	0.0604163 	1280.000000	0.0610498 	1280.000000	7.2255e-06	
1300.000000	0.0597146 	1300.000000	0.0609413 	1300.000000	0.0607082 	1300.000000	0.0602937 	1300.000000	0.0609342 	1300.000000	7.12223e-06	
1320.000000	0.0596116 	1320.000000	0.0608322 	1320.000000	0.0605902 	1320.000000	0.0601768 	1320.000000	0.0608251 	1320.000000	7.02196e-06	
1340.000000	0.0595157 	1340.000000	0.0607293 	1340.000000	0.0604774 	1340.000000	0.0600653 	1340.000000	0.0607224 	1340.000000	6.92458e-06	
1360.000000	0.0594266 	1360.000000	0.0606325 	1360.000000	0.0603696 	1360.000000	0.059959  	1360.000000	0.0606257 	1360.000000	6.82995e-06	
1380.000000	0.0593439 	1380.000000	0.0605415 	1380.000000	0.0602668 	1380.000000	0.0598577 	1380.000000	0.0605347 	1380.000000	6.73796e-06	
1400.000000	0.0592675 	1400.000000	0.060456  	1400.000000	0.0601686 	1400.000000	0.0597611 	1400.000000	0.0604493 	1400.000000	6.6485e-06	
1420.000000	0.0591971 	1420.000000	0.0603757 	1420.000000	0.0600752 	1420.000000	0.059669  	1420.000000	0.0603692 	1420.000000	6.56147e-06	
1440.000000	0.0591325 	1440.000000	0.0603006 	1440.000000	0.0599862 	1440.000000	0.0595812 	1440.000000	0.0602941 	1440.000000	6.47676e-06	
1460.000000	0.0590734 	1460.000000	0.0602303 	1460.000000	0.0599016 	1460.000000	0.0594974 	1460.000000	0.0602239 	1460.000000	6.39428e-06	
1480.000000	0.0590197 	1480.000000	0.0601647 	1480.000000	0.0598212 	1480.000000	0.0594176 	1480.000000	0.0601584 	1480.000000	6.31395e-06	
1500.000000	0.0589711 	1500.000000	0.0601036 	1500.000000	0.0597447 	1500.000000	0.0593415 	1500.000000	0.0600974 	1500.000000	6.23568e-06	
1520.000000	0.0589274 	1520.000000	0.0600469 	1520.000000	0.0596719 	1520.000000	0.059269  	1520.000000	0.0600407 	1520.000000	6.1594e-06	
1540.000000	0.0588886 	1540.000000	0.0599943 	1540.000000	0.0596027 	1540.000000	0.0591999 	1540.000000	0.0599882 	1540.000000	6.08502e-06	
1560.000000	0.0588544 	1560.000000	0.0599456 	1560.000000	0.0595367 	1560.000000	0.0591341 	1560.000000	0.0599396 	1560.000000	6.01248e-06	
1580.000000	0.0588246 	1580.000000	0.0599009 	1580.000000	0.0594739 	1580.000000	0.0590714 	1580.000000	0.0598949 	1580.000000	5.9417e-06	
1600.000000	0.0587991 	1600.000000	0.0598598 	1600.000000	0.0594141 	1600.000000	0.0590117 	1600.000000	0.0598539 	1600.000000	5.87263e-06	
1620.000000	0.0587778 	1620.000000	0.0598223 	1620.000000	0.0593571 	1620.000000	0.0589549 	1620.000000	0.0598165 	1620.000000	5.8052e-06	
1640.000000	0.0587606 	1640.000000	0.0597882 	1640.000000	0.0593029 	1640.000000	0.0589009 	1640.000000	0.0597825 	1640.000000	5.73935e-06	
1660.000000	0.0587472 	1660.000000	0.0597575 	1660.000000	0.0592512 	1660.000000	0.0588494 	1660.000000	0.0597518 	1660.000000	5.67503e-06	
1680.000000	0.0587375 	1680.000000	0.0597299 	1680.000000	0.0592021 	1680.000000	0.0588006 	1680.000000	0.0597243 	1680.000000	5.61218e-06	
1700.000000	0.0587316 	1700.000000	0.0597055 	1700.000000	0.0591554 	1700.000000	0.0587541 	1700.000000	0.0596999 	1700.000000	5.55076e-06	
1750.000000	0.0587319 	1750.000000	0.0596571 	1750.000000	0.0590485 	1750.000000	0.058648  	1750.000000	0.0596517 	1750.000000	5.40312e-06	
1800.000000	0.0587526 	1800.000000	0.0596259 	1800.000000	0.0589549 	1800.000000	0.058555  	1800.000000	0.0596206 	1800.000000	5.26339e-06	
1850.000000	0.0587922 	1850.000000	0.0596104 	1850.000000	0.0588732 	1850.000000	0.058474  	1850.000000	0.0596053 	1850.000000	5.13093e-06	
1900.000000	0.0588495 	1900.000000	0.0596094 	1900.000000	0.0588023 	1900.000000	0.0584038 	1900.000000	0.0596044 	1900.000000	5.00518e-06	
1950.000000	0.0589231 	1950.000000	0.0596218 	1950.000000	0.0587412 	1950.000000	0.0583435 	1950.000000	0.0596169 	1950.000000	4.88565e-06	
2000.000000	0.0590121 	2000.000000	0.0596465 	2000.000000	0.0586889 	2000.000000	0.0582921 	2000.000000	0.0596418 	2000.000000	4.77188e-06	
2100.000000	0.059232  	2100.000000	0.0597297 	2100.000000	0.0586079 	2100.000000	0.0582131 	2100.000000	0.0597252 	2100.000000	4.56002e-06	
2200.000000	0.0595025 	2200.000000	0.0598526 	2200.000000	0.0585539 	2200.000000	0.0581614 	2200.000000	0.0598483 	2200.000000	4.36672e-06	
2300.000000	0.0598177 	2300.000000	0.0600102 	2300.000000	0.0585232 	2300.000000	0.0581326 	2300.000000	0.060006  	2300.000000	4.18965e-06	
2400.000000	0.0601729 	2400.000000	0.0601979 	2400.000000	0.0585122 	2400.000000	0.058123  	2400.000000	0.0601939 	2400.000000	4.02681e-06	
2500.000000	0.060564  	2500.000000	0.0604122 	2500.000000	0.058518  	2500.000000	0.0581297 	2500.000000	0.0604084 	2500.000000	3.87653e-06	
2600.000000	0.0609876 	2600.000000	0.0606501 	2600.000000	0.058538  	2600.000000	0.0581501 	2600.000000	0.0606463 	2600.000000	3.73741e-06	
2700.000000	0.0614405 	2700.000000	0.0609088 	2700.000000	0.0585697 	2700.000000	0.0581822 	2700.000000	0.0609052 	2700.000000	3.60823e-06	
2800.000000	0.0619204 	2800.000000	0.0611861 	2800.000000	0.0586114 	2800.000000	0.0582242 	2800.000000	0.0611826 	2800.000000	3.48795e-06	
2900.000000	0.0624249 	2900.000000	0.06148   	2900.000000	0.0586615 	2900.000000	0.0582746 	2900.000000	0.0614767 	2900.000000	3.37568e-06	
3000.000000	0.0629522 	3000.000000	0.0617889 	3000.000000	0.0587187 	3000.000000	0.0583321 	3000.000000	0.0617857 	3000.000000	3.27063e-06	
3200.000000	0.0640683 	3200.000000	0.0624459 	3200.000000	0.0588503 	3200.000000	0.0584646 	3200.000000	0.0624428 	3200.000000	3.07955e-06	
3400.000000	0.0652574 	3400.000000	0.0631471 	3400.000000	0.0589995 	3400.000000	0.0586148 	3400.000000	0.0631442 	3400.000000	2.9102e-06	
3600.000000	0.0665107 	3600.000000	0.063885  	3600.000000	0.0591614 	3600.000000	0.0587776 	3600.000000	0.0638822 	3600.000000	2.75902e-06	
3800.000000	0.067821  	3800.000000	0.0646535 	3800.000000	0.0593322 	3800.000000	0.0589494 	3800.000000	0.0646509 	3800.000000	2.62322e-06	
4000.000000	0.0691827 	4000.000000	0.0654479 	4000.000000	0.0595091 	4000.000000	0.0591271 	4000.000000	0.0654454 	4000.000000	2.50053e-06	
4200.000000	0.0705911 	4200.000000	0.0662642 	4200.000000	0.0596899 	4200.000000	0.0593087 	4200.000000	0.0662618 	4200.000000	2.38914e-06	
4400.000000	0.0720424 	4400.000000	0.0670993 	4400.000000	0.059873  	4400.000000	0.0594925 	4400.000000	0.067097  	4400.000000	2.28754e-06	
4600.000000	0.0735334 	4600.000000	0.0679505 	4600.000000	0.0600571 	4600.000000	0.0596773 	4600.000000	0.0679484 	4600.000000	2.19447e-06	
4800.000000	0.0750613 	4800.000000	0.0688157 	4800.000000	0.0602412 	4800.000000	0.0598621 	4800.000000	0.0688136 	4800.000000	2.1089e-06	
5000.000000	0.076624  	5000.000000	0.069693  	5000.000000	0.0604247 	5000.000000	0.0600461 	5000.000000	0.069691  	5000.000000	2.02994e-06	
5250.000000	0.0786233 	5250.000000	0.0708043 	5250.000000	0.0606522 	5250.000000	0.0602743 	5250.000000	0.0708024 	5250.000000	1.93942e-06	
5500.000000	0.0806708 	5500.000000	0.0719296 	5500.000000	0.0608768 	5500.000000	0.0604996 	5500.000000	0.0719278 	5500.000000	1.85686e-06	
6000.000000	0.0849    	6000.000000	0.0742143 	6000.000000	0.0613157 	6000.000000	0.0609395 	6000.000000	0.0742126 	6000.000000	1.71171e-06	
6500.000000	0.0892952 	6500.000000	0.0765344 	6500.000000	0.0617386 	6500.000000	0.0613633 	6500.000000	0.0765328 	6500.000000	1.58818e-06	
7000.000000	0.0938447 	7000.000000	0.0788808 	7000.000000	0.0621443 	7000.000000	0.0617698 	7000.000000	0.0788793 	7000.000000	1.48174e-06	
7500.000000	0.0985399 	7500.000000	0.0812469 	7500.000000	0.0625317 	7500.000000	0.0621591 	7500.000000	0.0812455 	7500.000000	1.38904e-06	
8000.000000	0.103374  	8000.000000	0.083628  	8000.000000	0.0629032 	8000.000000	0.0625315 	8000.000000	0.0836267 	8000.000000	1.30756e-06	
8500.000000	0.108342  	8500.000000	0.0860205 	8500.000000	0.0632595 	8500.000000	0.0628878 	8500.000000	0.0860193 	8500.000000	1.23536e-06	
9000.000000	0.113441  	9000.000000	0.0884215 	9000.000000	0.0636006 	9000.000000	0.0632287 	9000.000000	0.0884204 	9000.000000	1.17093e-06	
9500.000000	0.118667  	9500.000000	0.090829  	9500.000000	0.063926  	9500.000000	0.0635551 	9500.000000	0.0908279 	9500.000000	1.11307e-06	
10000.000000	0.124018  	10000.000000	0.0932413 	10000.000000	0.0642364 	10000.000000	0.0638679 	10000.000000	0.0932402 	10000.000000	1.06081e-06	
11000.000000	0.135087  	11000.000000	0.098075  	11000.000000	0.0648211 	11000.000000	0.0644562 	11000.000000	0.0980741 	11000.000000	9.701e-07 	
12000.000000	0.146637  	12000.000000	0.102915  	12000.000000	0.0653646 	12000.000000	0.0649996 	12000.000000	0.102914  	12000.000000	8.94053e-07	
13000.000000	0.158662  	13000.000000	0.107757  	13000.000000	0.0658683 	13000.000000	0.0655036 	13000.000000	0.107756  	13000.000000	8.29351e-07	
14000.000000	0.171158  	14000.000000	0.112597  	14000.000000	0.0663347 	14000.000000	0.0659729 	14000.000000	0.112596  	14000.000000	7.73612e-07	
15000.000000	0.184121  	15000.000000	0.117432  	15000.000000	0.0667687 	15000.000000	0.0664115 	15000.000000	0.117432  	15000.000000	7.2508e-07	
16000.000000	0.197552  	16000.000000	0.122263  	16000.000000	0.0671756 	16000.000000	0.0668227 	16000.000000	0.122262  	16000.000000	6.8243e-07	
17000.000000	0.211449  	17000.000000	0.127086  	17000.000000	0.0675589 	17000.000000	0.0672096 	17000.000000	0.127086  	17000.000000	6.44645e-07	
18000.000000	0.225813  	18000.000000	0.131903  	18000.000000	0.0679213 	18000.000000	0.0675745 	18000.000000	0.131902  	18000.000000	6.10931e-07	
19000.000000	0.240645  	19000.000000	0.136712  	19000.000000	0.0682649 	19000.000000	0.0679197 	19000.000000	0.136711  	19000.000000	5.80659e-07	
20000.000000	0.255947  	20000.000000	0.141513  	20000.000000	0.0685913 	20000.000000	0.0682471 	20000.000000	0.141513  	20000.000000	5.53322e-07	
21000.000000	0.27172   	21000.000000	0.146307  	21000.000000	0.0689011 	21000.000000	0.0685582 	21000.000000	0.146306  	21000.000000	5.2851e-07	
22000.000000	0.287967  	22000.000000	0.151092  	22000.000000	0.0691934 	22000.000000	0.0688546 	22000.000000	0.151092  	22000.000000	5.05885e-07	
23000.000000	0.304689  	23000.000000	0.15587   	23000.000000	0.0694724 	23000.000000	0.0691374 	23000.000000	0.155869  	23000.000000	4.85168e-07	
24000.000000	0.321888  	24000.000000	0.16064   	24000.000000	0.0697395 	24000.000000	0.0694077 	24000.000000	0.160639  	24000.000000	4.66125e-07	
25000.000000	0.339569  	25000.000000	0.165402  	25000.000000	0.0699949 	25000.000000	0.0696666 	25000.000000	0.165401  	25000.000000	4.4856e-07	
26000.000000	0.357732  	26000.000000	0.170156  	26000.000000	0.0702399 	26000.000000	0.069915  	26000.000000	0.170155  	26000.000000	4.32305e-07	
27000.000000	0.376382  	27000.000000	0.174903  	27000.000000	0.0704752 	27000.000000	0.0701535 	27000.000000	0.174902  	27000.000000	4.17218e-07	
28000.000000	0.39552   	28000.000000	0.179642  	28000.000000	0.0707014 	28000.000000	0.0703829 	28000.000000	0.179642  	28000.000000	4.03177e-07	
29000.000000	0.41515   	29000.000000	0.184374  	29000.000000	0.0709188 	29000.000000	0.0706039 	29000.000000	0.184374  	29000.000000	3.90074e-07	
30000.000000	0.435275  	30000.000000	0.1891    	30000.000000	0.071128  	30000.000000	0.0708169 	30000.000000	0.189099  	30000.000000	3.77819e-07	
32000.000000	0.477021  	32000.000000	0.198529  	32000.000000	0.0715244 	32000.000000	0.0712214 	32000.000000	0.198529  	32000.000000	3.55539e-07	
34000.000000	0.520783  	34000.000000	0.207933  	34000.000000	0.0718944 	34000.000000	0.0715999 	34000.000000	0.207933  	34000.000000	3.35804e-07	
36000.000000	0.566588  	36000.000000	0.217311  	36000.000000	0.07224   	36000.000000	0.0719554 	36000.000000	0.217311  	36000.000000	3.18198e-07	
38000.000000	0.614462  	38000.000000	0.226665  	38000.000000	0.0725636 	38000.000000	0.0722904 	38000.000000	0.226664  	38000.000000	3.02392e-07	
40000.000000	0.664432  	40000.000000	0.235995  	40000.000000	0.0728681 	40000.000000	0.072607  	40000.000000	0.235995  	40000.000000	2.8812e-07	
42000.000000	0.716525  	42000.000000	0.245304  	42000.000000	0.0731561 	42000.000000	0.0729071 	42000.000000	0.245304  	42000.000000	2.75168e-07	
44000.000000	0.770769  	44000.000000	0.254591  	44000.000000	0.0734296 	44000.000000	0.0731923 	44000.000000	0.254591  	44000.000000	2.6336e-07	
46000.000000	0.827192  	46000.000000	0.263858  	46000.000000	0.0736903 	46000.000000	0.0734638 	46000.000000	0.263858  	46000.000000	2.52548e-07	
48000.000000	0.885823  	48000.000000	0.273106  	48000.000000	0.073939  	48000.000000	0.073723  	48000.000000	0.273106  	48000.000000	2.42612e-07	
50000.000000	0.946691  	50000.000000	0.282334  	50000.000000	0.0741756 	50000.000000	0.0739708 	50000.000000	0.282334  	50000.000000	2.33447e-07	
