0.001000	0.206423  	0.001000	0.0430246 	0.001000	0.0389415 	0.001000	0.0389415 	0.001000	0.0397756 	0.001000	0.00324899	
0.002000	0.24593   	0.002000	0.057433  	0.002000	0.0518552 	0.002000	0.0518552 	0.002000	0.0543351 	0.002000	0.00309784	
0.005000	0.32298   	0.005000	0.084584  	0.005000	0.0761597 	0.005000	0.0761597 	0.005000	0.0820642 	0.005000	0.00251984	
0.008000	0.375814  	0.008000	0.103517  	0.008000	0.0931088 	0.008000	0.0931088 	0.008000	0.101393  	0.008000	0.00212447	
0.010000	0.40462   	0.010000	0.114034  	0.010000	0.102526  	0.010000	0.102526  	0.010000	0.112103  	0.010000	0.00193117	
0.015000	0.488016  	0.015000	0.137284  	0.015000	0.12232   	0.015000	0.12232   	0.015000	0.135695  	0.015000	0.00158907	
0.020000	0.556346  	0.020000	0.153553  	0.020000	0.138779  	0.020000	0.138779  	0.020000	0.15219   	0.020000	0.00136261	
0.025000	0.612858  	0.025000	0.168203  	0.025000	0.153132  	0.025000	0.153132  	0.025000	0.167003  	0.025000	0.0011999 	
0.030000	0.659287  	0.030000	0.181435  	0.030000	0.18015   	0.030000	0.18015   	0.030000	0.180358  	0.030000	0.00107642	
0.035000	0.696776  	0.035000	0.192949  	0.035000	0.196321  	0.035000	0.196321  	0.035000	0.19197   	0.035000	0.000978974	
0.040000	0.726226  	0.040000	0.2027    	0.040000	0.206284  	0.040000	0.206284  	0.040000	0.2018    	0.040000	0.000899804	
0.045000	0.748445  	0.045000	0.210807  	0.045000	0.213263  	0.045000	0.213263  	0.045000	0.209973  	0.045000	0.000834006	
0.050000	0.764212  	0.050000	0.217447  	0.050000	0.21866   	0.050000	0.21866   	0.050000	0.216669  	0.050000	0.000778319	
0.055000	0.774294  	0.055000	0.222809  	0.055000	0.223015  	0.055000	0.223015  	0.055000	0.222079  	0.055000	0.000730486	
0.060000	0.779447  	0.060000	0.227067  	0.060000	0.226545  	0.060000	0.226545  	0.060000	0.226378  	0.060000	0.000688886	
0.070000	0.777842  	0.070000	0.23287   	0.070000	0.231547  	0.070000	0.231547  	0.070000	0.23225   	0.070000	0.000619906	
0.080000	0.764696  	0.080000	0.235861  	0.080000	0.234274  	0.080000	0.234274  	0.080000	0.235296  	0.080000	0.000564856	
0.090000	0.744373  	0.090000	0.236775  	0.090000	0.235195  	0.090000	0.235195  	0.090000	0.23626   	0.090000	0.000514885	
0.100000	0.720179  	0.100000	0.236171  	0.100000	0.23473   	0.100000	0.23473   	0.100000	0.235693  	0.100000	0.000477657	
0.120000	0.668683  	0.120000	0.231924  	0.120000	0.230899  	0.120000	0.230899  	0.120000	0.231505  	0.120000	0.000418611	
0.140000	0.620388  	0.140000	0.225331  	0.140000	0.224738  	0.140000	0.224738  	0.140000	0.224958  	0.140000	0.000373712	
0.160000	0.578462  	0.160000	0.217681  	0.160000	0.217471  	0.160000	0.217471  	0.160000	0.217342  	0.160000	0.000338294	
0.180000	0.543039  	0.180000	0.20972   	0.180000	0.209831  	0.180000	0.209831  	0.180000	0.209411  	0.180000	0.000309562	
0.200000	0.513233  	0.200000	0.201872  	0.200000	0.202247  	0.200000	0.202247  	0.200000	0.201586  	0.200000	0.000285736	
0.250000	0.45663   	0.250000	0.183946  	0.250000	0.184781  	0.250000	0.184781  	0.250000	0.183705  	0.250000	0.000240669	
0.300000	0.416269  	0.300000	0.168983  	0.300000	0.170083  	0.300000	0.170083  	0.300000	0.168774  	0.300000	0.000208783	
0.350000	0.385279  	0.350000	0.156688  	0.350000	0.157937  	0.350000	0.157937  	0.350000	0.156503  	0.350000	0.000184918	
0.400000	0.360148  	0.400000	0.146516  	0.400000	0.147841  	0.400000	0.147841  	0.400000	0.146349  	0.400000	0.000166322	
0.450000	0.338997  	0.450000	0.13798   	0.450000	0.139337  	0.450000	0.139337  	0.450000	0.137829  	0.450000	0.000151384	
0.500000	0.320742  	0.500000	0.130707  	0.500000	0.132067  	0.500000	0.132067  	0.500000	0.130568  	0.500000	0.000139098	
0.600000	0.290438  	0.600000	0.118912  	0.600000	0.12023   	0.600000	0.12023   	0.600000	0.118792  	0.600000	0.000120027	
0.700000	0.266013  	0.700000	0.10967   	0.700000	0.110916  	0.700000	0.110916  	0.700000	0.109564  	0.700000	0.000105861	
0.800000	0.245754  	0.800000	0.10216   	0.800000	0.103323  	0.800000	0.103323  	0.800000	0.102065  	0.800000	9.48876e-05	
0.900000	0.228612  	0.900000	0.0958879 	0.900000	0.0969666 	0.900000	0.0969666 	0.900000	0.0958018 	0.900000	8.61158e-05	
1.000000	0.213886  	1.000000	0.0905408 	1.000000	0.0915378 	1.000000	0.0915378 	1.000000	0.0904619 	1.000000	7.89302e-05	
1.250000	0.184698  	1.250000	0.0799854 	1.250000	0.0807983 	1.250000	0.0807983 	1.250000	0.0799199 	1.250000	6.55603e-05	
1.500000	0.162953  	1.500000	0.0720918 	1.500000	0.0727517 	1.500000	0.0727517 	1.500000	0.0720356 	1.500000	5.62787e-05	
1.750000	0.146074  	1.750000	0.0659042 	1.750000	0.066438  	1.750000	0.066438  	1.750000	0.0658547 	1.750000	4.94311e-05	
2.000000	0.13256   	2.000000	0.0608906 	2.000000	0.06132   	2.000000	0.06132   	2.000000	0.0608464 	2.000000	4.41558e-05	
2.250000	0.121479  	2.250000	0.0567266 	2.250000	0.0570687 	2.250000	0.0570687 	2.250000	0.0566866 	2.250000	3.99581e-05	
2.500000	0.11173   	2.500000	0.0532008 	2.500000	0.0534692 	2.500000	0.0534692 	2.500000	0.0531643 	2.500000	3.65327e-05	
3.000000	0.0975606 	3.000000	0.0475278 	3.000000	0.0476793 	3.000000	0.0476793 	3.000000	0.0474965 	3.000000	3.12665e-05	
3.500000	0.0868065 	3.500000	0.0431365 	3.500000	0.0432004 	3.500000	0.0432004 	3.500000	0.0431091 	3.500000	2.7396e-05	
4.000000	0.0783425 	4.000000	0.0396176 	4.000000	0.039614  	4.000000	0.039614  	4.000000	0.0395932 	4.000000	2.44233e-05	
4.500000	0.0714933 	4.500000	0.0367229 	4.500000	0.0366661 	4.500000	0.0366661 	4.500000	0.0367008 	4.500000	2.20638e-05	
5.000000	0.0658281 	5.000000	0.0342922 	5.000000	0.0341928 	5.000000	0.0341928 	5.000000	0.0342721 	5.000000	2.01427e-05	
5.500000	0.0610583 	5.500000	0.032217  	5.500000	0.0320829 	5.500000	0.0320829 	5.500000	0.0321984 	5.500000	1.8546e-05	
6.000000	0.056983  	6.000000	0.0304208 	6.000000	0.0302583 	6.000000	0.0302583 	6.000000	0.0304036 	6.000000	1.71968e-05	
6.500000	0.0534578 	6.500000	0.0288483 	6.500000	0.028662  	6.500000	0.028662  	6.500000	0.0288322 	6.500000	1.60407e-05	
7.000000	0.0503763 	7.000000	0.027458  	7.000000	0.0272518 	7.000000	0.0272518 	7.000000	0.0274429 	7.000000	1.50382e-05	
7.500000	0.0476579 	7.500000	0.0262184 	7.500000	0.0259955 	7.500000	0.0259955 	7.500000	0.0262043 	7.500000	1.41601e-05	
8.000000	0.0452408 	8.000000	0.0251052 	8.000000	0.0248679 	8.000000	0.0248679 	8.000000	0.0250918 	8.000000	1.33843e-05	
8.500000	0.0430766 	8.500000	0.0240988 	8.500000	0.0238494 	8.500000	0.0238494 	8.500000	0.0240861 	8.500000	1.26935e-05	
9.000000	0.0411268 	9.000000	0.023184  	9.000000	0.022924  	9.000000	0.022924  	9.000000	0.0231719 	9.000000	1.20743e-05	
9.500000	0.0393604 	9.500000	0.022348  	9.500000	0.0220791 	9.500000	0.0220791 	9.500000	0.0223365 	9.500000	1.15158e-05	
10.000000	0.0377522 	10.000000	0.0217237 	10.000000	0.0213039 	10.000000	0.0213039 	10.000000	0.0217127 	10.000000	1.10095e-05	
11.000000	0.0349308 	11.000000	0.0204835 	11.000000	0.0199723 	11.000000	0.0199725 	11.000000	0.0204733 	11.000000	1.01259e-05	
12.000000	0.0325348 	12.000000	0.0193747 	12.000000	0.0188229 	12.000000	0.0188235 	12.000000	0.0193653 	12.000000	9.3802e-06	
13.000000	0.030473  	13.000000	0.0183808 	13.000000	0.0178196 	13.000000	0.0178199 	13.000000	0.0183721 	13.000000	8.74198e-06	
14.000000	0.0286789 	14.000000	0.0174867 	14.000000	0.0169348 	14.000000	0.0169348 	14.000000	0.0174785 	14.000000	8.1892e-06	
15.000000	0.0271027 	15.000000	0.0166792 	15.000000	0.0161472 	15.000000	0.0161473 	15.000000	0.0166715 	15.000000	7.7055e-06	
16.000000	0.0257062 	16.000000	0.015947  	16.000000	0.0154418 	16.000000	0.0154415 	16.000000	0.0159397 	16.000000	7.2785e-06	
17.000000	0.0244599 	17.000000	0.0152802 	17.000000	0.0148059 	17.000000	0.0148048 	17.000000	0.0152733 	17.000000	6.89862e-06	
18.000000	0.0233404 	18.000000	0.0146709 	18.000000	0.0142286 	18.000000	0.0142271 	18.000000	0.0146644 	18.000000	6.55834e-06	
19.000000	0.0223288 	19.000000	0.0141121 	19.000000	0.0137017 	19.000000	0.0137002 	19.000000	0.0141058 	19.000000	6.25168e-06	
20.000000	0.0214101 	20.000000	0.0135977 	20.000000	0.013219  	20.000000	0.0132174 	20.000000	0.0135917 	20.000000	5.97381e-06	
21.000000	0.0205717 	21.000000	0.0131228 	21.000000	0.0127746 	21.000000	0.012773  	21.000000	0.0131171 	21.000000	5.72079e-06	
22.000000	0.0198034 	22.000000	0.012683  	22.000000	0.012364  	22.000000	0.0123624 	22.000000	0.0126775 	22.000000	5.48937e-06	
23.000000	0.0190966 	23.000000	0.0122745 	23.000000	0.0119839 	23.000000	0.0119823 	23.000000	0.0122693 	23.000000	5.27686e-06	
24.000000	0.018444  	24.000000	0.0118942 	24.000000	0.0116311 	24.000000	0.0116289 	24.000000	0.0118892 	24.000000	5.08099e-06	
25.000000	0.0178395 	25.000000	0.0115393 	25.000000	0.0113027 	25.000000	0.0112994 	25.000000	0.0115344 	25.000000	4.89985e-06	
27.000000	0.0167548 	27.000000	0.0108958 	27.000000	0.010707  	27.000000	0.0107029 	27.000000	0.0108912 	27.000000	4.57548e-06	
29.000000	0.0158086 	29.000000	0.0103278 	29.000000	0.0101808 	29.000000	0.0101768 	29.000000	0.0103236 	29.000000	4.29328e-06	
31.000000	0.0149756 	31.000000	0.00982284	31.000000	0.00970164	31.000000	0.00969758	31.000000	0.00981879	31.000000	4.04541e-06	
33.000000	0.0142362 	33.000000	0.00937077	33.000000	0.00926184	33.000000	0.00925802	33.000000	0.00936695	33.000000	3.82588e-06	
35.000000	0.0135753 	35.000000	0.00896367	35.000000	0.00886589	35.000000	0.0088625 	35.000000	0.00896004	35.000000	3.63001e-06	
38.000000	0.0127051 	38.000000	0.00842357	38.000000	0.00834249	38.000000	0.00833791	38.000000	0.00842019	38.000000	3.37272e-06	
41.000000	0.0119535 	41.000000	0.00795334	41.000000	0.00788581	41.000000	0.00788108	41.000000	0.00795019	41.000000	3.15102e-06	
44.000000	0.0112973 	44.000000	0.00754014	44.000000	0.00748368	44.000000	0.00747936	44.000000	0.00753719	44.000000	2.9579e-06	
47.000000	0.0107192 	47.000000	0.00717409	47.000000	0.0071272 	47.000000	0.0071231 	47.000000	0.0071713 	47.000000	2.78809e-06	
50.000000	0.0102057 	50.000000	0.00684746	50.000000	0.00680867	50.000000	0.00680482	50.000000	0.00684482	50.000000	2.63756e-06	
55.000000	0.00946597	55.000000	0.00637466	55.000000	0.00634682	55.000000	0.00634327	55.000000	0.00637224	55.000000	2.42123e-06	
60.000000	0.00884144	60.000000	0.00597349	60.000000	0.0059542 	60.000000	0.00595069	60.000000	0.00597125	60.000000	2.23909e-06	
65.000000	0.00830663	65.000000	0.00562866	65.000000	0.00561656	65.000000	0.00561242	65.000000	0.00562658	65.000000	2.08352e-06	
70.000000	0.00784316	70.000000	0.00532897	70.000000	0.00532149	70.000000	0.00531772	70.000000	0.00532703	70.000000	1.94903e-06	
75.000000	0.00743736	75.000000	0.00506602	75.000000	0.0050621 	75.000000	0.00505854	75.000000	0.00506419	75.000000	1.83154e-06	
80.000000	0.00707889	80.000000	0.00483336	80.000000	0.00483209	80.000000	0.00482873	80.000000	0.00483164	80.000000	1.72799e-06	
85.000000	0.00675975	85.000000	0.00462601	85.000000	0.00462666	85.000000	0.00462348	85.000000	0.00462438	85.000000	1.636e-06 	
90.000000	0.00647368	90.000000	0.00444001	90.000000	0.00444206	90.000000	0.004439  	90.000000	0.00443845	90.000000	1.5537e-06	
95.000000	0.00621567	95.000000	0.00427218	95.000000	0.00427588	95.000000	0.00427225	95.000000	0.0042707 	95.000000	1.47963e-06	
100.000000	0.0059817 	100.000000	0.00411998	100.000000	0.00412423	100.000000	0.00412076	100.000000	0.00411856	100.000000	1.41259e-06	
105.000000	0.00576847	105.000000	0.00398128	105.000000	0.00398582	105.000000	0.0039825 	105.000000	0.00397993	105.000000	1.35162e-06	
110.000000	0.0055733 	110.000000	0.00385436	110.000000	0.00385899	110.000000	0.0038558 	110.000000	0.00385307	110.000000	1.2959e-06	
115.000000	0.00539391	115.000000	0.00373777	115.000000	0.00374231	115.000000	0.00373923	115.000000	0.00373652	115.000000	1.24479e-06	
120.000000	0.00522843	120.000000	0.00363028	120.000000	0.0036346 	120.000000	0.00363164	120.000000	0.00362908	120.000000	1.19772e-06	
125.000000	0.00507526	125.000000	0.00353086	125.000000	0.00353487	125.000000	0.003532  	125.000000	0.0035297 	125.000000	1.15424e-06	
130.000000	0.00493304	130.000000	0.00343862	130.000000	0.00344224	130.000000	0.00343946	130.000000	0.00343751	130.000000	1.11392e-06	
135.000000	0.00480061	135.000000	0.00335282	135.000000	0.00335593	135.000000	0.00335329	135.000000	0.00335175	135.000000	1.07645e-06	
140.000000	0.00467696	140.000000	0.00327279	140.000000	0.00327567	140.000000	0.00327285	140.000000	0.00327175	140.000000	1.04152e-06	
145.000000	0.00456123	145.000000	0.00319798	145.000000	0.00320065	145.000000	0.00319757	145.000000	0.00319697	145.000000	1.00888e-06	
150.000000	0.00445266	150.000000	0.00312787	150.000000	0.00312997	150.000000	0.00312699	150.000000	0.00312689	150.000000	9.78314e-07	
155.000000	0.00429979	155.000000	0.00306204	155.000000	0.00306354	155.000000	0.00306066	155.000000	0.00306109	155.000000	9.49618e-07	
160.000000	0.00421019	160.000000	0.00300011	160.000000	0.00300104	160.000000	0.00299822	160.000000	0.00299919	160.000000	9.22629e-07	
165.000000	0.00412569	165.000000	0.00294175	165.000000	0.00294208	165.000000	0.00293933	165.000000	0.00294085	165.000000	8.97194e-07	
170.000000	0.00404587	170.000000	0.00288664	170.000000	0.00288639	170.000000	0.0028837 	170.000000	0.00288576	170.000000	8.73183e-07	
175.000000	0.00397035	175.000000	0.00283452	175.000000	0.0028337 	175.000000	0.00283107	175.000000	0.00283367	175.000000	8.50477e-07	
180.000000	0.00389877	180.000000	0.00278516	180.000000	0.00278377	180.000000	0.0027812 	180.000000	0.00278433	180.000000	8.28971e-07	
185.000000	0.00383084	185.000000	0.00273835	185.000000	0.00273641	185.000000	0.00273388	185.000000	0.00273754	185.000000	8.0857e-07	
190.000000	0.00376628	190.000000	0.00269388	190.000000	0.00269141	190.000000	0.00268892	190.000000	0.00269309	190.000000	7.89192e-07	
195.000000	0.00370485	195.000000	0.0026516 	195.000000	0.00264856	195.000000	0.00264616	195.000000	0.00265082	195.000000	7.70759e-07	
200.000000	0.00364631	200.000000	0.00261133	200.000000	0.00260776	200.000000	0.00260542	200.000000	0.00261058	200.000000	7.53204e-07	
210.000000	0.00353714	210.000000	0.00253631	210.000000	0.00253212	210.000000	0.0025295 	210.000000	0.00253559	210.000000	7.20481e-07	
220.000000	0.00343736	220.000000	0.00246785	220.000000	0.0024628 	220.000000	0.0024602 	220.000000	0.00246716	220.000000	6.90594e-07	
230.000000	0.00334581	230.000000	0.00240511	230.000000	0.00239918	230.000000	0.00239668	230.000000	0.00240445	230.000000	6.63184e-07	
240.000000	0.00326149	240.000000	0.00234742	240.000000	0.0023407 	240.000000	0.00233827	240.000000	0.00234678	240.000000	6.37952e-07	
250.000000	0.00318358	250.000000	0.00229419	250.000000	0.00228674	250.000000	0.00228438	250.000000	0.00229358	250.000000	6.14643e-07	
260.000000	0.00311138	260.000000	0.00224493	260.000000	0.00223681	260.000000	0.00223451	260.000000	0.00224434	260.000000	5.93045e-07	
270.000000	0.00304427	270.000000	0.00219921	270.000000	0.00219049	270.000000	0.00218825	270.000000	0.00219864	270.000000	5.72972e-07	
280.000000	0.00298174	280.000000	0.00215668	280.000000	0.0021474 	280.000000	0.00214521	280.000000	0.00215612	280.000000	5.54267e-07	
290.000000	0.00292333	290.000000	0.002117  	290.000000	0.0021072 	290.000000	0.0021051 	290.000000	0.00211646	290.000000	5.36792e-07	
300.000000	0.00286866	300.000000	0.00207991	300.000000	0.00206982	300.000000	0.00206761	300.000000	0.00207939	300.000000	5.20428e-07	
310.000000	0.00281737	310.000000	0.00204517	310.000000	0.00203488	310.000000	0.00203252	310.000000	0.00204467	310.000000	5.05072e-07	
320.000000	0.00276916	320.000000	0.00201257	320.000000	0.00200191	320.000000	0.00199961	320.000000	0.00201208	320.000000	4.90631e-07	
330.000000	0.00272377	330.000000	0.00198191	330.000000	0.00197092	330.000000	0.00196868	330.000000	0.00198143	330.000000	4.77026e-07	
340.000000	0.00268096	340.000000	0.00195303	340.000000	0.00194178	340.000000	0.00193958	340.000000	0.00195257	340.000000	4.64184e-07	
350.000000	0.00264051	350.000000	0.00192579	350.000000	0.00191431	350.000000	0.00191214	350.000000	0.00192534	350.000000	4.52043e-07	
360.000000	0.00260225	360.000000	0.00190005	360.000000	0.00188837	360.000000	0.00188624	360.000000	0.00189961	360.000000	4.40545e-07	
370.000000	0.002566  	370.000000	0.0018757 	370.000000	0.00186385	370.000000	0.00186176	370.000000	0.00187527	370.000000	4.29641e-07	
380.000000	0.00253161	380.000000	0.00185263	380.000000	0.00184064	380.000000	0.00183858	380.000000	0.00185221	380.000000	4.19284e-07	
390.000000	0.00249895	390.000000	0.00183074	390.000000	0.00181865	390.000000	0.00181662	390.000000	0.00183033	390.000000	4.09435e-07	
400.000000	0.00246788	400.000000	0.00180996	400.000000	0.00179778	400.000000	0.00179578	400.000000	0.00180956	400.000000	4.00055e-07	
410.000000	0.00243831	410.000000	0.00179019	410.000000	0.00177796	410.000000	0.00177599	410.000000	0.0017898 	410.000000	3.91113e-07	
420.000000	0.00241012	420.000000	0.00177138	420.000000	0.00175912	420.000000	0.00175717	420.000000	0.00177099	420.000000	3.82577e-07	
430.000000	0.00238323	430.000000	0.00175345	430.000000	0.00174118	430.000000	0.00173925	430.000000	0.00175307	430.000000	3.74421e-07	
440.000000	0.00235756	440.000000	0.00173635	440.000000	0.00172406	440.000000	0.00172219	440.000000	0.00173598	440.000000	3.66619e-07	
450.000000	0.00233302	450.000000	0.00172003	450.000000	0.00170777	450.000000	0.00170591	450.000000	0.00171967	450.000000	3.59147e-07	
460.000000	0.00230954	460.000000	0.00170443	460.000000	0.00169229	460.000000	0.00169038	460.000000	0.00170408	460.000000	3.51986e-07	
470.000000	0.00228707	470.000000	0.00168951	470.000000	0.00167755	470.000000	0.00167555	470.000000	0.00168917	470.000000	3.45117e-07	
480.000000	0.00226553	480.000000	0.00167524	480.000000	0.00166346	480.000000	0.00166141	480.000000	0.0016749 	480.000000	3.3852e-07	
490.000000	0.00224489	490.000000	0.00166157	490.000000	0.00164994	490.000000	0.00164791	490.000000	0.00166123	490.000000	3.32181e-07	
500.000000	0.00222507	500.000000	0.00164846	500.000000	0.00163698	500.000000	0.00163499	500.000000	0.00164814	500.000000	3.26085e-07	
520.000000	0.00218778	520.000000	0.00162383	520.000000	0.00161267	520.000000	0.00161073	520.000000	0.00162351	520.000000	3.14564e-07	
540.000000	0.00215331	540.000000	0.0016011 	540.000000	0.00159031	540.000000	0.00158839	540.000000	0.0016008 	540.000000	3.03859e-07	
560.000000	0.00212137	560.000000	0.00158009	560.000000	0.00156967	560.000000	0.00156779	560.000000	0.0015798 	560.000000	2.93886e-07	
580.000000	0.00209173	580.000000	0.00156062	580.000000	0.00155058	580.000000	0.00154873	580.000000	0.00156034	580.000000	2.84571e-07	
600.000000	0.00206416	600.000000	0.00154255	600.000000	0.0015329 	600.000000	0.00153108	600.000000	0.00154227	600.000000	2.7585e-07	
620.000000	0.00203847	620.000000	0.00152573	620.000000	0.00151648	620.000000	0.00151469	620.000000	0.00152546	620.000000	2.67667e-07	
640.000000	0.00201449	640.000000	0.00151006	640.000000	0.00150122	640.000000	0.00149945	640.000000	0.0015098 	640.000000	2.59974e-07	
660.000000	0.00199208	660.000000	0.00149544	660.000000	0.001487  	660.000000	0.00148525	660.000000	0.00149519	660.000000	2.52727e-07	
680.000000	0.00197111	680.000000	0.00148177	680.000000	0.00147372	680.000000	0.00147201	680.000000	0.00148152	680.000000	2.45888e-07	
700.000000	0.00195146	700.000000	0.00146898	700.000000	0.00146136	700.000000	0.00145964	700.000000	0.00146874	700.000000	2.39423e-07	
720.000000	0.00193302	720.000000	0.00145699	720.000000	0.00144987	720.000000	0.00144808	720.000000	0.00145676	720.000000	2.33302e-07	
740.000000	0.0019157 	740.000000	0.00144575	740.000000	0.0014391 	740.000000	0.00143725	740.000000	0.00144552	740.000000	2.27498e-07	
760.000000	0.00189942	760.000000	0.00143518	760.000000	0.00142895	760.000000	0.00142709	760.000000	0.00143496	760.000000	2.21986e-07	
780.000000	0.0018841 	780.000000	0.00142526	780.000000	0.00141938	780.000000	0.00141757	780.000000	0.00142504	780.000000	2.16745e-07	
800.000000	0.00186968	800.000000	0.00141592	800.000000	0.00141041	800.000000	0.00140862	800.000000	0.0014157 	800.000000	2.11755e-07	
820.000000	0.00185609	820.000000	0.00140712	820.000000	0.00140198	820.000000	0.00140021	820.000000	0.00140691	820.000000	2.06997e-07	
840.000000	0.00184327	840.000000	0.00139883	840.000000	0.00139406	840.000000	0.00139229	840.000000	0.00139863	840.000000	2.02457e-07	
860.000000	0.00183118	860.000000	0.00139102	860.000000	0.00138659	860.000000	0.00138484	860.000000	0.00139082	860.000000	1.98119e-07	
880.000000	0.00181977	880.000000	0.00138364	880.000000	0.00137955	880.000000	0.00137781	880.000000	0.00138345	880.000000	1.9397e-07	
900.000000	0.001809  	900.000000	0.00137668	900.000000	0.00137291	900.000000	0.00137119	900.000000	0.00137649	900.000000	1.89998e-07	
920.000000	0.00179882	920.000000	0.00137011	920.000000	0.00136665	920.000000	0.00136494	920.000000	0.00136992	920.000000	1.8619e-07	
940.000000	0.0017892 	940.000000	0.00136389	940.000000	0.00136074	940.000000	0.00135904	940.000000	0.00136371	940.000000	1.82539e-07	
960.000000	0.00178011	960.000000	0.00135802	960.000000	0.00135515	960.000000	0.00135347	960.000000	0.00135784	960.000000	1.79033e-07	
980.000000	0.00177152	980.000000	0.00135247	980.000000	0.00134987	980.000000	0.0013482 	980.000000	0.00135229	980.000000	1.75664e-07	
1000.000000	0.00176339	1000.000000	0.00134722	1000.000000	0.00134488	1000.000000	0.00134322	1000.000000	0.00134705	1000.000000	1.72424e-07	
1020.000000	0.00175571	1020.000000	0.00134225	1020.000000	0.00134016	1020.000000	0.00133851	1020.000000	0.00134208	1020.000000	1.69306e-07	
1040.000000	0.00174845	1040.000000	0.00133755	1040.000000	0.0013357 	1040.000000	0.00133405	1040.000000	0.00133739	1040.000000	1.66303e-07	
1060.000000	0.00174159	1060.000000	0.00133311	1060.000000	0.00133147	1060.000000	0.00132984	1060.000000	0.00133294	1060.000000	1.63408e-07	
1080.000000	0.0017351 	1080.000000	0.0013289 	1080.000000	0.00132747	1080.000000	0.00132584	1080.000000	0.00132874	1080.000000	1.60616e-07	
1100.000000	0.00172897	1100.000000	0.00132492	1100.000000	0.00132368	1100.000000	0.00132206	1100.000000	0.00132476	1100.000000	1.57922e-07	
1120.000000	0.00172318	1120.000000	0.00132115	1120.000000	0.00132009	1120.000000	0.00131848	1120.000000	0.001321  	1120.000000	1.55319e-07	
1140.000000	0.00171771	1140.000000	0.00131759	1140.000000	0.00131669	1140.000000	0.00131509	1140.000000	0.00131744	1140.000000	1.52805e-07	
1160.000000	0.00171255	1160.000000	0.00131422	1160.000000	0.00131347	1160.000000	0.00131187	1160.000000	0.00131407	1160.000000	1.50373e-07	
1180.000000	0.00170768	1180.000000	0.00131104	1180.000000	0.00131041	1180.000000	0.00130882	1180.000000	0.00131089	1180.000000	1.4802e-07	
1200.000000	0.00170309	1200.000000	0.00130803	1200.000000	0.00130752	1200.000000	0.00130594	1200.000000	0.00130788	1200.000000	1.45743e-07	
1220.000000	0.00169876	1220.000000	0.00130518	1220.000000	0.00130477	1220.000000	0.0013032 	1220.000000	0.00130504	1220.000000	1.43537e-07	
1240.000000	0.00169469	1240.000000	0.0013025 	1240.000000	0.00130216	1240.000000	0.00130061	1240.000000	0.00130236	1240.000000	1.41399e-07	
1260.000000	0.00169086	1260.000000	0.00129996	1260.000000	0.0012997 	1260.000000	0.00129815	1260.000000	0.00129982	1260.000000	1.39327e-07	
1280.000000	0.00168726	1280.000000	0.00129757	1280.000000	0.00129736	1280.000000	0.00129583	1280.000000	0.00129744	1280.000000	1.37316e-07	
1300.000000	0.00168389	1300.000000	0.00129532	1300.000000	0.00129516	1300.000000	0.00129362	1300.000000	0.00129518	1300.000000	1.35365e-07	
1320.000000	0.00168072	1320.000000	0.0012932 	1320.000000	0.00129308	1320.000000	0.00129153	1320.000000	0.00129306	1320.000000	1.33471e-07	
1340.000000	0.00167776	1340.000000	0.0012912 	1340.000000	0.00129112	1340.000000	0.00128956	1340.000000	0.00129107	1340.000000	1.31631e-07	
1360.000000	0.001675  	1360.000000	0.00128933	1360.000000	0.00128927	1360.000000	0.00128768	1360.000000	0.0012892 	1360.000000	1.29842e-07	
1380.000000	0.00167242	1380.000000	0.00128756	1380.000000	0.00128752	1380.000000	0.00128591	1380.000000	0.00128744	1380.000000	1.28104e-07	
1400.000000	0.00167003	1400.000000	0.00128591	1400.000000	0.00128586	1400.000000	0.00128424	1400.000000	0.00128579	1400.000000	1.26413e-07	
1420.000000	0.0016678 	1420.000000	0.00128437	1420.000000	0.00128429	1420.000000	0.00128265	1420.000000	0.00128424	1420.000000	1.24767e-07	
1440.000000	0.00166575	1440.000000	0.00128292	1440.000000	0.00128281	1440.000000	0.00128115	1440.000000	0.0012828 	1440.000000	1.23166e-07	
1460.000000	0.00166385	1460.000000	0.00128158	1460.000000	0.0012814 	1460.000000	0.00127974	1460.000000	0.00128146	1460.000000	1.21607e-07	
1480.000000	0.00166211	1480.000000	0.00128032	1480.000000	0.00128007	1480.000000	0.0012784 	1480.000000	0.0012802 	1480.000000	1.20088e-07	
1500.000000	0.00166051	1500.000000	0.00127916	1500.000000	0.0012788 	1500.000000	0.00127714	1500.000000	0.00127904	1500.000000	1.18608e-07	
1520.000000	0.00165906	1520.000000	0.00127808	1520.000000	0.00127761	1520.000000	0.00127595	1520.000000	0.00127796	1520.000000	1.17165e-07	
1540.000000	0.00165774	1540.000000	0.00127709	1540.000000	0.00127648	1540.000000	0.00127483	1540.000000	0.00127697	1540.000000	1.15758e-07	
1560.000000	0.00165656	1560.000000	0.00127617	1560.000000	0.00127542	1560.000000	0.00127378	1560.000000	0.00127606	1560.000000	1.14386e-07	
1580.000000	0.00165551	1580.000000	0.00127533	1580.000000	0.00127442	1580.000000	0.00127278	1580.000000	0.00127522	1580.000000	1.13047e-07	
1600.000000	0.00165458	1600.000000	0.00127457	1600.000000	0.00127348	1600.000000	0.00127185	1600.000000	0.00127445	1600.000000	1.11741e-07	
1620.000000	0.00165377	1620.000000	0.00127387	1620.000000	0.0012726 	1620.000000	0.00127098	1620.000000	0.00127376	1620.000000	1.10465e-07	
1640.000000	0.00165308	1640.000000	0.00127325	1640.000000	0.00127177	1640.000000	0.00127016	1640.000000	0.00127314	1640.000000	1.09219e-07	
1660.000000	0.0016525 	1660.000000	0.00127269	1660.000000	0.001271  	1660.000000	0.0012694 	1660.000000	0.00127258	1660.000000	1.08002e-07	
1680.000000	0.00165202	1680.000000	0.00127219	1680.000000	0.00127029	1680.000000	0.00126868	1680.000000	0.00127209	1680.000000	1.06813e-07	
1700.000000	0.00165165	1700.000000	0.00127176	1700.000000	0.00126962	1700.000000	0.00126801	1700.000000	0.00127165	1700.000000	1.0565e-07	
1750.000000	0.00165117	1750.000000	0.00127093	1750.000000	0.00126814	1750.000000	0.00126655	1750.000000	0.00127083	1750.000000	1.02856e-07	
1800.000000	0.00165126	1800.000000	0.00127044	1800.000000	0.00126693	1800.000000	0.00126534	1800.000000	0.00127034	1800.000000	1.00211e-07	
1850.000000	0.00165191	1850.000000	0.00127027	1850.000000	0.00126596	1850.000000	0.00126438	1850.000000	0.00127017	1850.000000	9.77027e-08	
1900.000000	0.00165305	1900.000000	0.00127038	1900.000000	0.0012652 	1900.000000	0.00126362	1900.000000	0.00127029	1900.000000	9.53216e-08	
1950.000000	0.00165467	1950.000000	0.00127076	1950.000000	0.00126463	1950.000000	0.00126306	1950.000000	0.00127067	1950.000000	9.30577e-08	
2000.000000	0.00165672	2000.000000	0.00127139	2000.000000	0.00126424	2000.000000	0.00126268	2000.000000	0.0012713 	2000.000000	9.09026e-08	
2100.000000	0.00166202	2100.000000	0.00127332	2100.000000	0.00126392	2100.000000	0.00126237	2100.000000	0.00127323	2100.000000	8.68884e-08	
2200.000000	0.00166877	2200.000000	0.00127604	2200.000000	0.00126413	2200.000000	0.00126259	2200.000000	0.00127596	2200.000000	8.32251e-08	
2300.000000	0.00167679	2300.000000	0.00127945	2300.000000	0.00126478	2300.000000	0.00126324	2300.000000	0.00127937	2300.000000	7.98682e-08	
2400.000000	0.00168594	2400.000000	0.00128347	2400.000000	0.00126578	2400.000000	0.00126426	2400.000000	0.00128339	2400.000000	7.67804e-08	
2500.000000	0.0016961 	2500.000000	0.00128801	2500.000000	0.00126712	2500.000000	0.0012656 	2500.000000	0.00128794	2500.000000	7.39302e-08	
2600.000000	0.00170719	2600.000000	0.00129302	2600.000000	0.00126884	2600.000000	0.00126733	2600.000000	0.00129295	2600.000000	7.12909e-08	
2700.000000	0.0017191 	2700.000000	0.00129845	2700.000000	0.00127077	2700.000000	0.00126926	2700.000000	0.00129838	2700.000000	6.88396e-08	
2800.000000	0.00173177	2800.000000	0.00130425	2800.000000	0.00127287	2800.000000	0.00127137	2800.000000	0.00130418	2800.000000	6.65569e-08	
2900.000000	0.00174513	2900.000000	0.00131038	2900.000000	0.00127511	2900.000000	0.00127361	2900.000000	0.00131032	2900.000000	6.44256e-08	
3000.000000	0.00175913	3000.000000	0.00131681	3000.000000	0.00127747	3000.000000	0.00127598	3000.000000	0.00131675	3000.000000	6.2431e-08	
3200.000000	0.00178884	3200.000000	0.00133045	3200.000000	0.00128246	3200.000000	0.00128098	3200.000000	0.00133039	3200.000000	5.8802e-08	
3400.000000	0.00182058	3400.000000	0.00134497	3400.000000	0.00128772	3400.000000	0.00128624	3400.000000	0.00134492	3400.000000	5.55844e-08	
3600.000000	0.00185409	3600.000000	0.00136022	3600.000000	0.00129314	3600.000000	0.00129168	3600.000000	0.00136017	3600.000000	5.27113e-08	
3800.000000	0.00188917	3800.000000	0.00137609	3800.000000	0.00129866	3800.000000	0.0012972 	3800.000000	0.00137604	3800.000000	5.01296e-08	
4000.000000	0.00192565	4000.000000	0.00139247	4000.000000	0.00130423	4000.000000	0.00130278	4000.000000	0.00139242	4000.000000	4.77967e-08	
4200.000000	0.0019634 	4200.000000	0.00140928	4200.000000	0.00130981	4200.000000	0.00130836	4200.000000	0.00140923	4200.000000	4.56779e-08	
4400.000000	0.00200231	4400.000000	0.00142647	4400.000000	0.00131536	4400.000000	0.00131392	4400.000000	0.00142643	4400.000000	4.37447e-08	
4600.000000	0.00204228	4600.000000	0.00144398	4600.000000	0.00132088	4600.000000	0.00131943	4600.000000	0.00144394	4600.000000	4.19735e-08	
4800.000000	0.00208325	4800.000000	0.00146177	4800.000000	0.00132633	4800.000000	0.00132489	4800.000000	0.00146173	4800.000000	4.03447e-08	
5000.000000	0.00212513	5000.000000	0.00147979	5000.000000	0.00133171	5000.000000	0.00133027	5000.000000	0.00147975	5000.000000	3.88414e-08	
5250.000000	0.00217871	5250.000000	0.00150262	5250.000000	0.00133833	5250.000000	0.0013369 	5250.000000	0.00150258	5250.000000	3.71176e-08	
5500.000000	0.00223354	5500.000000	0.00152573	5500.000000	0.00134482	5500.000000	0.00134339	5500.000000	0.00152569	5500.000000	3.55449e-08	
6000.000000	0.00234673	6000.000000	0.00157261	6000.000000	0.00135737	6000.000000	0.00135594	6000.000000	0.00157258	6000.000000	3.27791e-08	
6500.000000	0.00246421	6500.000000	0.0016202 	6500.000000	0.00136935	6500.000000	0.00136793	6500.000000	0.00162017	6500.000000	3.04243e-08	
7000.000000	0.00258565	7000.000000	0.00166831	7000.000000	0.00138077	7000.000000	0.00137934	7000.000000	0.00166828	7000.000000	2.83944e-08	
7500.000000	0.0027108 	7500.000000	0.00171681	7500.000000	0.00139164	7500.000000	0.00139022	7500.000000	0.00171678	7500.000000	2.6626e-08	
8000.000000	0.00283946	8000.000000	0.0017656 	8000.000000	0.00140201	8000.000000	0.00140059	8000.000000	0.00176558	8000.000000	2.5071e-08	
8500.000000	0.0029715 	8500.000000	0.00181462	8500.000000	0.00141189	8500.000000	0.00141047	8500.000000	0.0018146 	8500.000000	2.36928e-08	
9000.000000	0.00310679	9000.000000	0.0018638 	9000.000000	0.00142132	9000.000000	0.00141991	9000.000000	0.00186378	9000.000000	2.24625e-08	
9500.000000	0.00324525	9500.000000	0.00191311	9500.000000	0.00143034	9500.000000	0.00142892	9500.000000	0.00191309	9500.000000	2.13573e-08	
10000.000000	0.0033868 	10000.000000	0.00196251	10000.000000	0.00143897	10000.000000	0.00143755	10000.000000	0.00196249	10000.000000	2.03588e-08	
11000.000000	0.00367897	11000.000000	0.00206149	11000.000000	0.00145516	11000.000000	0.00145374	11000.000000	0.00206147	11000.000000	1.86253e-08	
12000.000000	0.00398296	12000.000000	0.00216058	12000.000000	0.00147004	12000.000000	0.00146867	12000.000000	0.00216057	12000.000000	1.71713e-08	
13000.000000	0.00429854	13000.000000	0.0022597 	13000.000000	0.00148385	13000.000000	0.0014825 	13000.000000	0.00225968	13000.000000	1.59338e-08	
14000.000000	0.00462557	14000.000000	0.00235876	14000.000000	0.00149674	14000.000000	0.00149536	14000.000000	0.00235874	14000.000000	1.48673e-08	
15000.000000	0.00496393	15000.000000	0.00245773	15000.000000	0.00150881	15000.000000	0.00150738	15000.000000	0.00245772	15000.000000	1.39384e-08	
16000.000000	0.00531356	16000.000000	0.00255659	16000.000000	0.0015201 	16000.000000	0.00151864	16000.000000	0.00255658	16000.000000	1.31219e-08	
17000.000000	0.00567442	17000.000000	0.00265531	17000.000000	0.0015307 	17000.000000	0.00152923	17000.000000	0.0026553 	17000.000000	1.23982e-08	
18000.000000	0.00604651	18000.000000	0.00275388	18000.000000	0.00154066	18000.000000	0.00153921	18000.000000	0.00275386	18000.000000	1.17524e-08	
19000.000000	0.0064298 	19000.000000	0.00285229	19000.000000	0.00155005	19000.000000	0.00154866	19000.000000	0.00285228	19000.000000	1.11724e-08	
20000.000000	0.0068243 	20000.000000	0.00295054	20000.000000	0.00155893	20000.000000	0.00155762	20000.000000	0.00295053	20000.000000	1.06485e-08	
21000.000000	0.00723004	21000.000000	0.00304862	21000.000000	0.00156736	21000.000000	0.00156613	21000.000000	0.00304861	21000.000000	1.01729e-08	
22000.000000	0.00764704	22000.000000	0.00314654	22000.000000	0.00157543	22000.000000	0.00157423	22000.000000	0.00314653	22000.000000	9.73908e-09	
23000.000000	0.00807532	23000.000000	0.0032443 	23000.000000	0.00158316	23000.000000	0.00158197	23000.000000	0.00324429	23000.000000	9.3418e-09	
24000.000000	0.00851492	24000.000000	0.00334189	24000.000000	0.00159055	24000.000000	0.00158936	24000.000000	0.00334188	24000.000000	8.97656e-09	
25000.000000	0.00896588	25000.000000	0.00343933	25000.000000	0.00159761	25000.000000	0.00159644	25000.000000	0.00343932	25000.000000	8.6396e-09	
26000.000000	0.00942823	26000.000000	0.0035366 	26000.000000	0.00160438	26000.000000	0.00160323	26000.000000	0.0035366 	26000.000000	8.32772e-09	
27000.000000	0.00990203	27000.000000	0.00363373	27000.000000	0.00161091	27000.000000	0.00160976	27000.000000	0.00363372	27000.000000	8.03821e-09	
28000.000000	0.0103873 	28000.000000	0.0037307 	28000.000000	0.00161719	28000.000000	0.00161603	28000.000000	0.00373069	28000.000000	7.76871e-09	
29000.000000	0.0108842 	29000.000000	0.00382752	29000.000000	0.00162321	29000.000000	0.00162207	29000.000000	0.00382751	29000.000000	7.5172e-09	
30000.000000	0.0113926 	30000.000000	0.0039242 	30000.000000	0.00162898	30000.000000	0.0016279 	30000.000000	0.00392419	30000.000000	7.28192e-09	
32000.000000	0.0124444 	32000.000000	0.00411713	32000.000000	0.00163994	32000.000000	0.00163896	32000.000000	0.00411712	32000.000000	6.8541e-09	
34000.000000	0.0135433 	34000.000000	0.00430951	34000.000000	0.00165021	34000.000000	0.00164931	34000.000000	0.00430951	34000.000000	6.47505e-09	
36000.000000	0.0146896 	36000.000000	0.00450138	36000.000000	0.00165986	36000.000000	0.00165903	36000.000000	0.00450137	36000.000000	6.13681e-09	
38000.000000	0.0158839 	38000.000000	0.00469275	38000.000000	0.00166897	38000.000000	0.00166818	38000.000000	0.00469274	38000.000000	5.83308e-09	
40000.000000	0.0171266 	40000.000000	0.00488364	40000.000000	0.00167757	40000.000000	0.00167684	40000.000000	0.00488364	40000.000000	5.55878e-09	
42000.000000	0.0184183 	42000.000000	0.00507408	42000.000000	0.00168572	42000.000000	0.00168504	42000.000000	0.00507408	42000.000000	5.3098e-09	
44000.000000	0.0197595 	44000.000000	0.00526409	44000.000000	0.00169347	44000.000000	0.00169283	44000.000000	0.00526408	44000.000000	5.08275e-09	
46000.000000	0.0211505 	46000.000000	0.00545367	46000.000000	0.00170083	46000.000000	0.00170025	46000.000000	0.00545367	46000.000000	4.87484e-09	
48000.000000	0.0225921 	48000.000000	0.00564286	48000.000000	0.00170786	48000.000000	0.00170733	48000.000000	0.00564286	48000.000000	4.68373e-09	
50000.000000	0.0240847 	50000.000000	0.00583166	50000.000000	0.00171456	50000.000000	0.00171409	50000.000000	0.00583166	50000.000000	4.50743e-09	
