Energy (MeV/u)1	0 - [He-base] F.Hubert et al, AD&ND Tables 46(1990)1	Energy (MeV/u)2	1 - [H -base] J.F.Ziegler et al, Pergamon Press, NY (low energy)	Energy (MeV/u)3	2 - ATIMA 1.2  LS-theory (recommended for high energy)	Energy (MeV/u)4	3 - ATIMA 1.2  without LS-correction	Energy (MeV/u)5	4 - electrical component of [1] - J.F.Ziegler et al	Energy (MeV/u)6	5 - nuclear component of [1] - J.F.Ziegler et al	
0.001000	0.344814  	0.001000	0.344814  	0.001000	0.280896  	0.001000	0.280896  	0.001000	0.250788  	0.001000	0.094026  	
0.002000	0.439448  	0.002000	0.439448  	0.002000	0.356352  	0.002000	0.356352  	0.002000	0.347369  	0.002000	0.0920791 	
0.005000	0.612268  	0.005000	0.612268  	0.005000	0.495772  	0.005000	0.495772  	0.005000	0.534347  	0.005000	0.0779215 	
0.008000	0.733443  	0.008000	0.733443  	0.008000	0.595549  	0.008000	0.595549  	0.008000	0.666437  	0.008000	0.0670054 	
0.010000	0.801575  	0.010000	0.801575  	0.010000	0.652376  	0.010000	0.652376  	0.010000	0.740128  	0.010000	0.0614468 	
0.015000	0.946821  	0.015000	0.946821  	0.015000	0.775049  	0.015000	0.775049  	0.015000	0.895509  	0.015000	0.0513115 	
0.020000	1.06957   	0.020000	1.06957   	0.020000	0.880112  	0.020000	0.880112  	0.020000	1.02516   	0.020000	0.044413  	
0.025000	1.18076   	0.025000	1.18076   	0.025000	0.980155  	0.025000	0.980155  	0.025000	1.14139   	0.025000	0.0393696 	
0.030000	1.28521   	0.030000	1.28521   	0.030000	1.17492   	0.030000	1.17492   	0.030000	1.24971   	0.030000	0.0354955 	
0.035000	1.38514   	0.035000	1.38514   	0.035000	1.30909   	0.035000	1.30909   	0.035000	1.35273   	0.035000	0.0324106 	
0.040000	1.47873   	0.040000	1.47873   	0.040000	1.40866   	0.040000	1.40866   	0.040000	1.44885   	0.040000	0.0298864 	
0.045000	1.56549   	0.045000	1.56549   	0.045000	1.49246   	0.045000	1.49246   	0.045000	1.53772   	0.045000	0.0277764 	
0.050000	1.64555   	0.050000	1.64555   	0.050000	1.56852   	0.050000	1.56852   	0.050000	1.61957   	0.050000	0.0259821 	
0.055000	1.71928   	0.055000	1.71928   	0.055000	1.6396    	0.055000	1.6396    	0.055000	1.69485   	0.055000	0.0244345 	
0.060000	1.78714   	0.060000	1.78714   	0.060000	1.70651   	0.060000	1.70651   	0.060000	1.76405   	0.060000	0.0230839 	
0.070000	1.90701   	0.070000	1.90701   	0.070000	1.82854   	0.070000	1.82854   	0.070000	1.88617   	0.070000	0.0208347 	
0.080000	2.00842   	0.080000	2.00842   	0.080000	1.93534   	0.080000	1.93534   	0.080000	1.98938   	0.080000	0.0190308 	
0.090000	2.09409   	0.090000	2.09409   	0.090000	2.02785   	0.090000	2.02785   	0.090000	2.07654   	0.090000	0.0175474 	
0.100000	2.16884   	0.100000	2.16884   	0.100000	2.10736   	0.100000	2.10736   	0.100000	2.15253   	0.100000	0.016303  	
0.120000	2.28957   	0.120000	2.28957   	0.120000	2.23296   	0.120000	2.23296   	0.120000	2.27538   	0.120000	0.0141933 	
0.140000	2.37368   	0.140000	2.37368   	0.140000	2.32326   	0.140000	2.32326   	0.140000	2.36098   	0.140000	0.0127022 	
0.160000	2.43117   	0.160000	2.43117   	0.160000	2.38721   	0.160000	2.38721   	0.160000	2.41965   	0.160000	0.0115211 	
0.180000	2.4584    	0.180000	2.4584    	0.180000	2.43192   	0.180000	2.43192   	0.180000	2.44784   	0.180000	0.0105598 	
0.200000	2.4727    	0.200000	2.4727    	0.200000	2.46276   	0.200000	2.46276   	0.200000	2.46294   	0.200000	0.00976049	
0.250000	2.4846    	0.250000	2.4846    	0.250000	2.50221   	0.250000	2.50221   	0.250000	2.47636   	0.250000	0.00824329	
0.300000	2.5106    	0.300000	2.5106    	0.300000	2.51302   	0.300000	2.51302   	0.300000	2.50344   	0.300000	0.00716553	
0.350000	2.54828   	0.350000	2.54828   	0.350000	2.5107    	0.350000	2.5107    	0.350000	2.54192   	0.350000	0.00635648	
0.400000	2.5566    	0.400000	2.5566    	0.400000	2.50196   	0.400000	2.50196   	0.400000	2.55087   	0.400000	0.00572457	
0.450000	2.5518    	0.450000	2.5518    	0.450000	2.51213   	0.450000	2.51213   	0.450000	2.54658   	0.450000	0.00521604	
0.500000	2.55285   	0.500000	2.55285   	0.500000	2.5133    	0.500000	2.5133    	0.500000	2.54805   	0.500000	0.00479711	
0.600000	2.55566   	0.600000	2.55566   	0.600000	2.49753   	0.600000	2.49753   	0.600000	2.55151   	0.600000	0.00414565	
0.700000	2.54501   	0.700000	2.54501   	0.700000	2.46085   	0.700000	2.46085   	0.700000	2.54135   	0.700000	0.00366071	
0.800000	2.52162   	0.800000	2.52162   	0.800000	2.41591   	0.800000	2.41591   	0.800000	2.51833   	0.800000	0.00328445	
0.900000	2.49169   	0.900000	2.49169   	0.900000	2.36853   	0.900000	2.36853   	0.900000	2.4887    	0.900000	0.00298328	
1.000000	2.45885   	1.000000	2.45885   	1.000000	2.32011   	1.000000	2.32011   	1.000000	2.45611   	1.000000	0.00273629	
1.250000	2.34357   	1.250000	2.34357   	1.250000	2.19662   	1.250000	2.19662   	1.250000	2.34129   	1.250000	0.00227601	
1.500000	2.19149   	1.500000	2.19149   	1.500000	2.07219   	1.500000	2.07219   	1.500000	2.18953   	1.500000	0.0019559 	
1.750000	2.05964   	1.750000	2.05964   	1.750000	1.96289   	1.750000	1.96289   	1.750000	2.05792   	1.750000	0.0017194 	
2.000000	1.92601   	2.000000	1.92601   	2.000000	1.86506   	2.000000	1.86506   	2.000000	1.92447   	2.000000	0.00153701	
2.250000	1.81212   	2.250000	1.81212   	2.250000	1.77671   	2.250000	1.77671   	2.250000	1.81072   	2.250000	0.00139174	
2.500000	1.69089   	2.500000	1.71702   	2.500000	1.69651   	2.500000	1.69651   	2.500000	1.71575   	2.500000	0.0012731 	
3.000000	1.56116   	3.000000	1.5633    	3.000000	1.55663   	3.000000	1.55663   	3.000000	1.56221   	3.000000	0.00109053	
3.500000	1.44888   	3.500000	1.44056   	3.500000	1.43908   	3.500000	1.43908   	3.500000	1.4396    	3.500000	0.000956197	
4.000000	1.3517    	4.000000	1.33947   	4.000000	1.33916   	4.000000	1.33916   	4.000000	1.33862   	4.000000	0.000852938	
4.500000	1.26715   	4.500000	1.25418   	4.500000	1.25331   	4.500000	1.25331   	4.500000	1.25341   	4.500000	0.00077092	
5.000000	1.1931    	5.000000	1.18079   	5.000000	1.1788    	5.000000	1.1788    	5.000000	1.18009   	5.000000	0.000704096	
5.500000	1.12779   	5.500000	1.11676   	5.500000	1.11354   	5.500000	1.11354   	5.500000	1.11611   	5.500000	0.00064853	
6.000000	1.0698    	6.000000	1.06028   	6.000000	1.05591   	6.000000	1.05591   	6.000000	1.05968   	6.000000	0.000601552	
6.500000	1.01797   	6.500000	1.01002   	6.500000	1.00461   	6.500000	1.00461   	6.500000	1.00946   	6.500000	0.000561279	
7.000000	0.971375  	7.000000	0.964963  	7.000000	0.958656  	7.000000	0.958656  	7.000000	0.964437  	7.000000	0.000526346	
7.500000	0.929266  	7.500000	0.924305  	7.500000	0.917226  	7.500000	0.917226  	7.500000	0.923809  	7.500000	0.000495738	
8.000000	0.891017  	8.000000	0.887409  	8.000000	0.87967   	8.000000	0.87967   	8.000000	0.886941  	8.000000	0.000468686	
8.500000	0.856117  	8.500000	0.853759  	8.500000	0.845456  	8.500000	0.845456  	8.500000	0.853314  	8.500000	0.000444591	
9.000000	0.82414   	9.000000	0.822928  	9.000000	0.814143  	9.000000	0.814143  	9.000000	0.822505  	9.000000	0.000422986	
9.500000	0.794728  	9.500000	0.794564  	9.500000	0.785367  	9.500000	0.785367  	9.500000	0.794161  	9.500000	0.000403497	
10.000000	0.767581  	10.000000	0.773465  	10.000000	0.758823  	10.000000	0.758823  	10.000000	0.773079  	10.000000	0.000385821	
11.000000	0.719091  	11.000000	0.730988  	11.000000	0.713921  	11.000000	0.714699  	11.000000	0.730633  	11.000000	0.000354968	
12.000000	0.677031  	12.000000	0.692631  	12.000000	0.674706  	12.000000	0.675995  	12.000000	0.692302  	12.000000	0.00032892	
13.000000	0.64018   	13.000000	0.657989  	13.000000	0.640146  	13.000000	0.641764  	13.000000	0.657683  	13.000000	0.000306619	
14.000000	0.607607  	14.000000	0.626644  	14.000000	0.609424  	14.000000	0.611257  	14.000000	0.626357  	14.000000	0.000287297	
15.000000	0.578593  	15.000000	0.598204  	15.000000	0.581912  	15.000000	0.583885  	15.000000	0.597934  	15.000000	0.000270385	
16.000000	0.552572  	16.000000	0.572319  	16.000000	0.557143  	16.000000	0.559179  	16.000000	0.572064  	16.000000	0.000255451	
17.000000	0.529094  	17.000000	0.548683  	17.000000	0.53472   	17.000000	0.53676   	17.000000	0.548441  	17.000000	0.000242162	
18.000000	0.507795  	18.000000	0.52703   	18.000000	0.514285  	18.000000	0.516317  	18.000000	0.526799  	18.000000	0.000230256	
19.000000	0.488377  	19.000000	0.507129  	19.000000	0.495579  	19.000000	0.497594  	19.000000	0.50691   	19.000000	0.000219524	
20.000000	0.470595  	20.000000	0.488784  	20.000000	0.478411  	20.000000	0.480378  	20.000000	0.488575  	20.000000	0.000209797	
21.000000	0.454247  	21.000000	0.471823  	21.000000	0.462531  	21.000000	0.464424  	21.000000	0.471623  	21.000000	0.000200939	
22.000000	0.439161  	22.000000	0.456099  	22.000000	0.44783   	22.000000	0.449645  	22.000000	0.455906  	22.000000	0.000192836	
23.000000	0.425192  	23.000000	0.441482  	23.000000	0.434241  	23.000000	0.435984  	23.000000	0.441296  	23.000000	0.000185393	
24.000000	0.412218  	24.000000	0.427861  	24.000000	0.421585  	24.000000	0.423261  	24.000000	0.427682  	24.000000	0.000178532	
25.000000	0.400133  	25.000000	0.415138  	25.000000	0.40977   	25.000000	0.41138   	25.000000	0.414966  	25.000000	0.000172187	
27.000000	0.378278  	27.000000	0.392056  	27.000000	0.388365  	27.000000	0.389825  	27.000000	0.391895  	27.000000	0.000160821	
29.000000	0.359037  	29.000000	0.371667  	29.000000	0.3695    	29.000000	0.370776  	29.000000	0.371516  	29.000000	0.000150931	
31.000000	0.341954  	31.000000	0.353525  	31.000000	0.352144  	31.000000	0.353189  	31.000000	0.353382  	31.000000	0.000142241	
33.000000	0.326676  	33.000000	0.337277  	33.000000	0.336057  	33.000000	0.336889  	33.000000	0.337142  	33.000000	0.000134544	
35.000000	0.312925  	35.000000	0.32264   	35.000000	0.321606  	35.000000	0.322252  	35.000000	0.322512  	35.000000	0.000127675	
38.000000	0.294683  	38.000000	0.303215  	38.000000	0.302472  	38.000000	0.302882  	38.000000	0.303096  	38.000000	0.00011865	
41.000000	0.278793  	41.000000	0.286298  	41.000000	0.285847  	41.000000	0.286053  	41.000000	0.286187  	41.000000	0.000110871	
44.000000	0.264817  	44.000000	0.27143   	44.000000	0.271196  	44.000000	0.271283  	44.000000	0.271326  	44.000000	0.000104094	
47.000000	0.252419  	47.000000	0.258256  	47.000000	0.258248  	47.000000	0.258206  	47.000000	0.258158  	47.000000	9.8133e-05	
50.000000	0.241341  	50.000000	0.246501  	50.000000	0.246685  	50.000000	0.24654   	50.000000	0.246408  	50.000000	9.2848e-05	
55.000000	0.225268  	55.000000	0.229483  	55.000000	0.229897  	55.000000	0.22965   	55.000000	0.229398  	55.000000	8.52516e-05	
60.000000	0.211586  	60.000000	0.215042  	60.000000	0.215634  	60.000000	0.215309  	60.000000	0.214963  	60.000000	7.88539e-05	
65.000000	0.199787  	65.000000	0.202629  	65.000000	0.203331  	65.000000	0.202969  	65.000000	0.202556  	65.000000	7.33882e-05	
70.000000	0.189495  	70.000000	0.191841  	70.000000	0.192661  	70.000000	0.192232  	70.000000	0.191772  	70.000000	6.86621e-05	
75.000000	0.180434  	75.000000	0.182375  	75.000000	0.183241  	75.000000	0.182798  	75.000000	0.18231   	75.000000	6.45328e-05	
80.000000	0.172387  	80.000000	0.174     	80.000000	0.174923  	80.000000	0.17444   	80.000000	0.173939  	80.000000	6.08926e-05	
85.000000	0.16519   	85.000000	0.166535  	85.000000	0.167471  	85.000000	0.166982  	85.000000	0.166477  	85.000000	5.76582e-05	
90.000000	0.15871   	90.000000	0.159839  	90.000000	0.160802  	90.000000	0.160282  	90.000000	0.159784  	90.000000	5.47644e-05	
95.000000	0.152843  	95.000000	0.153797  	95.000000	0.154751  	95.000000	0.15423   	95.000000	0.153745  	95.000000	5.21594e-05	
100.000000	0.147503  	100.000000	0.148318  	100.000000	0.149256  	100.000000	0.148734  	100.000000	0.148268  	100.000000	4.98013e-05	
105.000000	0.14262   	105.000000	0.143325  	105.000000	0.144241  	105.000000	0.14372   	105.000000	0.143277  	105.000000	4.76562e-05	
110.000000	0.138136  	110.000000	0.138756  	110.000000	0.139667  	110.000000	0.139128  	110.000000	0.13871   	110.000000	4.56961e-05	
115.000000	0.134003  	115.000000	0.134559  	115.000000	0.13545   	115.000000	0.134904  	115.000000	0.134515  	115.000000	4.38977e-05	
120.000000	0.130179  	120.000000	0.130689  	120.000000	0.131548  	120.000000	0.131007  	120.000000	0.130647  	120.000000	4.22414e-05	
125.000000	0.126631  	125.000000	0.12711   	125.000000	0.127939  	125.000000	0.127399  	125.000000	0.127069  	125.000000	4.07109e-05	
130.000000	0.123328  	130.000000	0.12379   	130.000000	0.124587  	130.000000	0.124049  	130.000000	0.12375   	130.000000	3.92921e-05	
135.000000	0.120246  	135.000000	0.120701  	135.000000	0.121466  	135.000000	0.12093   	135.000000	0.120663  	135.000000	3.7973e-05	
140.000000	0.117361  	140.000000	0.11782   	140.000000	0.118554  	140.000000	0.118019  	140.000000	0.117783  	140.000000	3.67434e-05	
145.000000	0.114656  	145.000000	0.115126  	145.000000	0.115828  	145.000000	0.115296  	145.000000	0.115091  	145.000000	3.55943e-05	
150.000000	0.112113  	150.000000	0.112603  	150.000000	0.113273  	150.000000	0.112742  	150.000000	0.112568  	150.000000	3.4518e-05	
155.000000	0.108195  	155.000000	0.110233  	155.000000	0.110872  	155.000000	0.110344  	155.000000	0.110199  	155.000000	3.35076e-05	
160.000000	0.106086  	160.000000	0.108003  	160.000000	0.108613  	160.000000	0.108086  	160.000000	0.107971  	160.000000	3.25571e-05	
165.000000	0.104095  	165.000000	0.105902  	165.000000	0.106482  	165.000000	0.105957  	165.000000	0.105871  	165.000000	3.16614e-05	
170.000000	0.10221   	170.000000	0.103918  	170.000000	0.104469  	170.000000	0.103946  	170.000000	0.103887  	170.000000	3.08158e-05	
175.000000	0.100424  	175.000000	0.102042  	175.000000	0.102564  	175.000000	0.102044  	175.000000	0.102012  	175.000000	3.0016e-05	
180.000000	0.0987292 	180.000000	0.100265  	180.000000	0.10076   	180.000000	0.100242  	180.000000	0.100236  	180.000000	2.92585e-05	
185.000000	0.0971183 	185.000000	0.0985799 	185.000000	0.0990483 	185.000000	0.0985323 	185.000000	0.0985514 	185.000000	2.85399e-05	
190.000000	0.0955853 	190.000000	0.0969792 	190.000000	0.097422  	190.000000	0.0969079 	190.000000	0.0969513 	190.000000	2.78572e-05	
195.000000	0.0941246 	195.000000	0.0954569 	195.000000	0.0958749 	195.000000	0.0953629 	195.000000	0.0954297 	195.000000	2.72078e-05	
200.000000	0.0927312 	200.000000	0.0940074 	200.000000	0.0944015 	200.000000	0.0938915 	200.000000	0.0939808 	200.000000	2.65893e-05	
210.000000	0.0901279 	210.000000	0.0913068 	210.000000	0.0916558 	210.000000	0.0911496 	210.000000	0.0912813 	210.000000	2.54364e-05	
220.000000	0.0877434 	220.000000	0.088842  	220.000000	0.0891492 	220.000000	0.0886468 	220.000000	0.0888176 	220.000000	2.43832e-05	
230.000000	0.085551  	230.000000	0.0865835 	230.000000	0.0868524 	230.000000	0.0863535 	230.000000	0.0865601 	230.000000	2.34172e-05	
240.000000	0.0835282 	240.000000	0.0845067 	240.000000	0.0847397 	240.000000	0.0842447 	240.000000	0.0844841 	240.000000	2.25279e-05	
250.000000	0.0816559 	250.000000	0.0825904 	250.000000	0.0827927 	250.000000	0.0822995 	250.000000	0.0825687 	250.000000	2.17064e-05	
260.000000	0.0799179 	260.000000	0.080817  	260.000000	0.0809846 	260.000000	0.0804997 	260.000000	0.0807961 	260.000000	2.0945e-05	
270.000000	0.0783    	270.000000	0.0791713 	270.000000	0.0793034 	270.000000	0.0788301 	270.000000	0.079151  	270.000000	2.02374e-05	
280.000000	0.0767904 	280.000000	0.0776399 	280.000000	0.0777486 	280.000000	0.0772773 	280.000000	0.0776204 	280.000000	1.95779e-05	
290.000000	0.0753785 	290.000000	0.0762117 	290.000000	0.0762987 	290.000000	0.0758297 	290.000000	0.0761927 	290.000000	1.89618e-05	
300.000000	0.074055  	300.000000	0.0748766 	300.000000	0.0749435 	300.000000	0.0744774 	300.000000	0.0748582 	300.000000	1.83848e-05	
310.000000	0.0728122 	310.000000	0.0736259 	310.000000	0.0736752 	310.000000	0.0732114 	310.000000	0.0736081 	310.000000	1.78432e-05	
320.000000	0.0716427 	320.000000	0.0724521 	320.000000	0.0724856 	320.000000	0.0720241 	320.000000	0.0724348 	320.000000	1.7334e-05	
330.000000	0.0705404 	330.000000	0.0713484 	330.000000	0.0713674 	330.000000	0.0709085 	330.000000	0.0713316 	330.000000	1.68541e-05	
340.000000	0.0694998 	340.000000	0.0703089 	340.000000	0.0703157 	340.000000	0.0698587 	340.000000	0.0702925 	340.000000	1.64012e-05	
350.000000	0.0685158 	350.000000	0.0693282 	350.000000	0.0693249 	350.000000	0.0688691 	350.000000	0.0693122 	350.000000	1.5973e-05	
360.000000	0.0675842 	360.000000	0.0684017 	360.000000	0.0683855 	360.000000	0.067935  	360.000000	0.0683861 	360.000000	1.55674e-05	
370.000000	0.0667007 	370.000000	0.067525  	370.000000	0.0674945 	370.000000	0.067052  	370.000000	0.0675098 	370.000000	1.51827e-05	
380.000000	0.0658621 	380.000000	0.0666944 	380.000000	0.0666548 	380.000000	0.0662163 	380.000000	0.0666796 	380.000000	1.48174e-05	
390.000000	0.0650649 	390.000000	0.0659065 	390.000000	0.0658619 	390.000000	0.0654243 	390.000000	0.065892  	390.000000	1.44699e-05	
400.000000	0.0643063 	400.000000	0.0651582 	400.000000	0.0651093 	400.000000	0.0646729 	400.000000	0.065144  	400.000000	1.4139e-05	
410.000000	0.0635836 	410.000000	0.0644466 	410.000000	0.0643937 	410.000000	0.0639592 	410.000000	0.0644328 	410.000000	1.38235e-05	
420.000000	0.0628945 	420.000000	0.0637693 	420.000000	0.0637132 	420.000000	0.0632806 	420.000000	0.0637558 	420.000000	1.35223e-05	
430.000000	0.0622367 	430.000000	0.0631239 	430.000000	0.063066  	430.000000	0.0626347 	430.000000	0.0631107 	430.000000	1.32345e-05	
440.000000	0.0616083 	440.000000	0.0625084 	440.000000	0.06245   	440.000000	0.0620194 	440.000000	0.0624954 	440.000000	1.29592e-05	
450.000000	0.0610074 	450.000000	0.0619207 	450.000000	0.0618617 	450.000000	0.0614327 	450.000000	0.061908  	450.000000	1.26955e-05	
460.000000	0.0604323 	460.000000	0.0613593 	460.000000	0.0612977 	460.000000	0.0608727 	460.000000	0.0613468 	460.000000	1.24428e-05	
470.000000	0.0598815 	470.000000	0.0608223 	470.000000	0.0607575 	470.000000	0.0603379 	470.000000	0.0608101 	470.000000	1.22004e-05	
480.000000	0.0593536 	480.000000	0.0603084 	480.000000	0.0602438 	480.000000	0.0598281 	480.000000	0.0602964 	480.000000	1.19676e-05	
490.000000	0.0588472 	490.000000	0.0598162 	490.000000	0.0597558 	490.000000	0.0593415 	490.000000	0.0598044 	490.000000	1.17438e-05	
500.000000	0.0583612 	500.000000	0.0593444 	500.000000	0.0592894 	500.000000	0.0588756 	500.000000	0.0593329 	500.000000	1.15286e-05	
520.000000	0.0574459 	520.000000	0.0584575 	520.000000	0.0584129 	520.000000	0.0580011 	520.000000	0.0584464 	520.000000	1.1122e-05	
540.000000	0.0565995 	540.000000	0.0576395 	540.000000	0.0576056 	540.000000	0.0571961 	540.000000	0.0576287 	540.000000	1.07441e-05	
560.000000	0.0558152 	560.000000	0.0568831 	560.000000	0.0568609 	560.000000	0.0564533 	560.000000	0.0568727 	560.000000	1.0392e-05	
580.000000	0.055087  	580.000000	0.0561823 	580.000000	0.0561711 	580.000000	0.0557665 	580.000000	0.0561722 	580.000000	1.00632e-05	
600.000000	0.0544096 	600.000000	0.0555315 	600.000000	0.0555299 	600.000000	0.0551301 	600.000000	0.0555218 	600.000000	9.75526e-06	
620.000000	0.0537784 	620.000000	0.0549262 	620.000000	0.0549345 	620.000000	0.0545394 	620.000000	0.0549167 	620.000000	9.46635e-06	
640.000000	0.0531893 	640.000000	0.0543621 	640.000000	0.0543832 	640.000000	0.0539901 	640.000000	0.0543529 	640.000000	9.19469e-06	
660.000000	0.0526388 	660.000000	0.0538356 	660.000000	0.0538706 	660.000000	0.0534785 	660.000000	0.0538267 	660.000000	8.93878e-06	
680.000000	0.0521237 	680.000000	0.0533436 	680.000000	0.0533919 	680.000000	0.0530014 	680.000000	0.0533349 	680.000000	8.69727e-06	
700.000000	0.0516412 	700.000000	0.0528831 	700.000000	0.0529451 	700.000000	0.0525557 	700.000000	0.0528746 	700.000000	8.46895e-06	
720.000000	0.0511886 	720.000000	0.0524515 	720.000000	0.0525275 	720.000000	0.0521388 	720.000000	0.0524433 	720.000000	8.25277e-06	
740.000000	0.0507638 	740.000000	0.0520467 	740.000000	0.0521352 	740.000000	0.0517485 	740.000000	0.0520386 	740.000000	8.04776e-06	
760.000000	0.0503648 	760.000000	0.0516665 	760.000000	0.0517652 	760.000000	0.0513827 	760.000000	0.0516586 	760.000000	7.85308e-06	
780.000000	0.0499895 	780.000000	0.0513091 	780.000000	0.0514179 	780.000000	0.0510393 	780.000000	0.0513014 	780.000000	7.66794e-06	
800.000000	0.0496365 	800.000000	0.0509728 	800.000000	0.0510932 	800.000000	0.0507169 	800.000000	0.0509653 	800.000000	7.49166e-06	
820.000000	0.0493041 	820.000000	0.0506562 	820.000000	0.0507894 	820.000000	0.0504137 	820.000000	0.0506489 	820.000000	7.32361e-06	
840.000000	0.0489911 	840.000000	0.0503578 	840.000000	0.0505036 	840.000000	0.0501285 	840.000000	0.0503506 	840.000000	7.16322e-06	
860.000000	0.0486961 	860.000000	0.0500765 	860.000000	0.0502341 	860.000000	0.0498599 	860.000000	0.0500695 	860.000000	7.00996e-06	
880.000000	0.048418  	880.000000	0.049811  	880.000000	0.0499801 	880.000000	0.0496068 	880.000000	0.0498041 	880.000000	6.86337e-06	
900.000000	0.0481557 	900.000000	0.0495604 	900.000000	0.0497407 	900.000000	0.0493681 	900.000000	0.0495537 	900.000000	6.72302e-06	
920.000000	0.0479083 	920.000000	0.0493237 	920.000000	0.0495152 	920.000000	0.0491429 	920.000000	0.0493171 	920.000000	6.58851e-06	
940.000000	0.047675  	940.000000	0.0491001 	940.000000	0.0493019 	940.000000	0.0489303 	940.000000	0.0490936 	940.000000	6.45948e-06	
960.000000	0.0474548 	960.000000	0.0488887 	960.000000	0.0490996 	960.000000	0.0487295 	960.000000	0.0488823 	960.000000	6.33559e-06	
980.000000	0.0472471 	980.000000	0.0486888 	980.000000	0.0489075 	980.000000	0.0485397 	980.000000	0.0486826 	980.000000	6.21654e-06	
1000.000000	0.0470511 	1000.000000	0.0484998 	1000.000000	0.0487254 	1000.000000	0.0483602 	1000.000000	0.0484937 	1000.000000	6.10206e-06	
1020.000000	0.0468663 	1020.000000	0.048321  	1020.000000	0.0485534 	1020.000000	0.0481905 	1020.000000	0.048315  	1020.000000	5.99187e-06	
1040.000000	0.0466919 	1040.000000	0.0481518 	1040.000000	0.0483912 	1040.000000	0.0480299 	1040.000000	0.0481459 	1040.000000	5.88574e-06	
1060.000000	0.0465275 	1060.000000	0.0479917 	1060.000000	0.0482384 	1060.000000	0.047878  	1060.000000	0.0479859 	1060.000000	5.78344e-06	
1080.000000	0.0463726 	1080.000000	0.0478403 	1080.000000	0.0480942 	1080.000000	0.0477341 	1080.000000	0.0478346 	1080.000000	5.68477e-06	
1100.000000	0.0462267 	1100.000000	0.047697  	1100.000000	0.0479577 	1100.000000	0.0475978 	1100.000000	0.0476914 	1100.000000	5.58954e-06	
1120.000000	0.0460893 	1120.000000	0.0475614 	1120.000000	0.0478283 	1120.000000	0.0474687 	1120.000000	0.0475559 	1120.000000	5.49757e-06	
1140.000000	0.04596   	1140.000000	0.0474332 	1140.000000	0.0477055 	1140.000000	0.0473465 	1140.000000	0.0474278 	1140.000000	5.40868e-06	
1160.000000	0.0458384 	1160.000000	0.0473119 	1160.000000	0.0475891 	1160.000000	0.0472306 	1160.000000	0.0473066 	1160.000000	5.32273e-06	
1180.000000	0.0457243 	1180.000000	0.0471973 	1180.000000	0.0474788 	1180.000000	0.0471209 	1180.000000	0.047192  	1180.000000	5.23958e-06	
1200.000000	0.0456171 	1200.000000	0.0470889 	1200.000000	0.0473743 	1200.000000	0.0470168 	1200.000000	0.0470838 	1200.000000	5.15908e-06	
1220.000000	0.0455167 	1220.000000	0.0469865 	1220.000000	0.0472755 	1220.000000	0.0469183 	1220.000000	0.0469814 	1220.000000	5.0811e-06	
1240.000000	0.0454226 	1240.000000	0.0468898 	1240.000000	0.0471819 	1240.000000	0.0468249 	1240.000000	0.0468848 	1240.000000	5.00554e-06	
1260.000000	0.0453347 	1260.000000	0.0467986 	1260.000000	0.0470931 	1260.000000	0.0467363 	1260.000000	0.0467937 	1260.000000	4.93227e-06	
1280.000000	0.0452527 	1280.000000	0.0467125 	1280.000000	0.0470089 	1280.000000	0.0466525 	1280.000000	0.0467077 	1280.000000	4.8612e-06	
1300.000000	0.0451763 	1300.000000	0.0466314 	1300.000000	0.0469288 	1300.000000	0.046573  	1300.000000	0.0466266 	1300.000000	4.79222e-06	
1320.000000	0.0451053 	1320.000000	0.046555  	1320.000000	0.0468527 	1320.000000	0.0464978 	1320.000000	0.0465503 	1320.000000	4.72525e-06	
1340.000000	0.0450395 	1340.000000	0.0464832 	1340.000000	0.0467803 	1340.000000	0.0464265 	1340.000000	0.0464785 	1340.000000	4.66019e-06	
1360.000000	0.0449786 	1360.000000	0.0464156 	1360.000000	0.0467115 	1360.000000	0.0463591 	1360.000000	0.046411  	1360.000000	4.59697e-06	
1380.000000	0.0449225 	1380.000000	0.0463522 	1380.000000	0.0466463 	1380.000000	0.0462952 	1380.000000	0.0463477 	1380.000000	4.5355e-06	
1400.000000	0.0448709 	1400.000000	0.0462928 	1400.000000	0.0465846 	1400.000000	0.0462348 	1400.000000	0.0462883 	1400.000000	4.47571e-06	
1420.000000	0.0448238 	1420.000000	0.0462372 	1420.000000	0.0465263 	1420.000000	0.0461777 	1420.000000	0.0462328 	1420.000000	4.41754e-06	
1440.000000	0.0447809 	1440.000000	0.0461852 	1440.000000	0.0464714 	1440.000000	0.0461237 	1440.000000	0.0461808 	1440.000000	4.36092e-06	
1460.000000	0.044742  	1460.000000	0.0461367 	1460.000000	0.0464196 	1460.000000	0.0460727 	1460.000000	0.0461324 	1460.000000	4.30579e-06	
1480.000000	0.0447071 	1480.000000	0.0460916 	1480.000000	0.0463709 	1480.000000	0.0460245 	1480.000000	0.0460873 	1480.000000	4.25208e-06	
1500.000000	0.044676  	1500.000000	0.0460497 	1500.000000	0.0463251 	1500.000000	0.045979  	1500.000000	0.0460455 	1500.000000	4.19974e-06	
1520.000000	0.0446485 	1520.000000	0.0460108 	1520.000000	0.046282  	1520.000000	0.0459362 	1520.000000	0.0460067 	1520.000000	4.14873e-06	
1540.000000	0.0446246 	1540.000000	0.045975  	1540.000000	0.0462415 	1540.000000	0.0458958 	1540.000000	0.0459709 	1540.000000	4.09899e-06	
1560.000000	0.044604  	1560.000000	0.0459421 	1560.000000	0.0462034 	1560.000000	0.0458578 	1560.000000	0.045938  	1560.000000	4.05047e-06	
1580.000000	0.0445868 	1580.000000	0.0459119 	1580.000000	0.0461675 	1580.000000	0.0458221 	1580.000000	0.0459079 	1580.000000	4.00312e-06	
1600.000000	0.0445727 	1600.000000	0.0458843 	1600.000000	0.0461339 	1600.000000	0.0457885 	1600.000000	0.0458804 	1600.000000	3.95691e-06	
1620.000000	0.0445616 	1620.000000	0.0458594 	1620.000000	0.0461022 	1620.000000	0.045757  	1620.000000	0.0458554 	1620.000000	3.9118e-06	
1640.000000	0.0445536 	1640.000000	0.0458368 	1640.000000	0.0460726 	1640.000000	0.0457275 	1640.000000	0.045833  	1640.000000	3.86774e-06	
1660.000000	0.0445484 	1660.000000	0.0458167 	1660.000000	0.0460448 	1660.000000	0.0456999 	1660.000000	0.0458129 	1660.000000	3.8247e-06	
1680.000000	0.044546  	1680.000000	0.0457989 	1680.000000	0.0460188 	1680.000000	0.0456741 	1680.000000	0.0457951 	1680.000000	3.78264e-06	
1700.000000	0.0445463 	1700.000000	0.0457833 	1700.000000	0.0459945 	1700.000000	0.0456501 	1700.000000	0.0457795 	1700.000000	3.74153e-06	
1750.000000	0.0445582 	1750.000000	0.0457534 	1750.000000	0.0459411 	1750.000000	0.0455972 	1750.000000	0.0457498 	1750.000000	3.6427e-06	
1800.000000	0.0445852 	1800.000000	0.0457359 	1800.000000	0.045897  	1800.000000	0.0455538 	1800.000000	0.0457323 	1800.000000	3.54914e-06	
1850.000000	0.0446263 	1850.000000	0.0457296 	1850.000000	0.0458615 	1850.000000	0.0455189 	1850.000000	0.0457261 	1850.000000	3.46043e-06	
1900.000000	0.0446804 	1900.000000	0.0457337 	1900.000000	0.0458337 	1900.000000	0.0454917 	1900.000000	0.0457303 	1900.000000	3.37621e-06	
1950.000000	0.0447466 	1950.000000	0.0457475 	1950.000000	0.0458128 	1950.000000	0.0454715 	1950.000000	0.0457442 	1950.000000	3.29613e-06	
2000.000000	0.0448243 	2000.000000	0.0457701 	2000.000000	0.0457982 	2000.000000	0.0454575 	2000.000000	0.0457669 	2000.000000	3.21989e-06	
2100.000000	0.0450108 	2100.000000	0.0458395 	2100.000000	0.0457852 	2100.000000	0.0454464 	2100.000000	0.0458364 	2100.000000	3.07789e-06	
2200.000000	0.0452349 	2200.000000	0.0459375 	2200.000000	0.0457911 	2200.000000	0.0454542 	2200.000000	0.0459345 	2200.000000	2.94829e-06	
2300.000000	0.0454925 	2300.000000	0.0460602 	2300.000000	0.0458129 	2300.000000	0.0454777 	2300.000000	0.0460574 	2300.000000	2.82952e-06	
2400.000000	0.04578   	2400.000000	0.0462047 	2400.000000	0.0458483 	2400.000000	0.0455142 	2400.000000	0.046202  	2400.000000	2.72026e-06	
2500.000000	0.0460944 	2500.000000	0.0463683 	2500.000000	0.0458957 	2500.000000	0.0455624 	2500.000000	0.0463657 	2500.000000	2.61941e-06	
2600.000000	0.0464333 	2600.000000	0.0465488 	2600.000000	0.0459575 	2600.000000	0.0456246 	2600.000000	0.0465462 	2600.000000	2.52601e-06	
2700.000000	0.0467943 	2700.000000	0.0467442 	2700.000000	0.0460268 	2700.000000	0.0456942 	2700.000000	0.0467417 	2700.000000	2.43926e-06	
2800.000000	0.0471757 	2800.000000	0.046953  	2800.000000	0.0461022 	2800.000000	0.0457699 	2800.000000	0.0469506 	2800.000000	2.35848e-06	
2900.000000	0.0475757 	2900.000000	0.0471737 	2900.000000	0.0461828 	2900.000000	0.0458507 	2900.000000	0.0471714 	2900.000000	2.28304e-06	
3000.000000	0.047993  	3000.000000	0.0474052 	3000.000000	0.0462675 	3000.000000	0.0459357 	3000.000000	0.0474029 	3000.000000	2.21245e-06	
3200.000000	0.0488747 	3200.000000	0.0478962 	3200.000000	0.0464468 	3200.000000	0.0461158 	3200.000000	0.0478941 	3200.000000	2.084e-06 	
3400.000000	0.0498123 	3400.000000	0.0484189 	3400.000000	0.0466354 	3400.000000	0.0463052 	3400.000000	0.048417  	3400.000000	1.9701e-06	
3600.000000	0.0507993 	3600.000000	0.048968  	3600.000000	0.0468301 	3600.000000	0.0465007 	3600.000000	0.0489662 	3600.000000	1.86838e-06	
3800.000000	0.0518306 	3800.000000	0.0495391 	3800.000000	0.0470283 	3800.000000	0.0466996 	3800.000000	0.0495373 	3800.000000	1.77698e-06	
4000.000000	0.0529018 	4000.000000	0.0501287 	4000.000000	0.0472282 	4000.000000	0.0469002 	4000.000000	0.050127  	4000.000000	1.69438e-06	
4200.000000	0.0540096 	4200.000000	0.0507341 	4200.000000	0.0474283 	4200.000000	0.0471011 	4200.000000	0.0507324 	4200.000000	1.61936e-06	
4400.000000	0.0551512 	4400.000000	0.0513529 	4400.000000	0.0476278 	4400.000000	0.0473012 	4400.000000	0.0513513 	4400.000000	1.5509e-06	
4600.000000	0.0563242 	4600.000000	0.0519832 	4600.000000	0.0478257 	4600.000000	0.0474997 	4600.000000	0.0519817 	4600.000000	1.48818e-06	
4800.000000	0.0575267 	4800.000000	0.0526235 	4800.000000	0.0480216 	4800.000000	0.0476961 	4800.000000	0.0526221 	4800.000000	1.43049e-06	
5000.000000	0.0587569 	5000.000000	0.0532725 	5000.000000	0.048215  	5000.000000	0.04789   	5000.000000	0.0532712 	5000.000000	1.37725e-06	
5250.000000	0.0603316 	5250.000000	0.0540943 	5250.000000	0.0484528 	5250.000000	0.0481284 	5250.000000	0.054093  	5250.000000	1.31619e-06	
5500.000000	0.0619451 	5500.000000	0.0549261 	5500.000000	0.0486859 	5500.000000	0.048362  	5500.000000	0.0549249 	5500.000000	1.26049e-06	
6000.000000	0.0652815 	6000.000000	0.0566141 	6000.000000	0.0491369 	6000.000000	0.048814  	6000.000000	0.0566129 	6000.000000	1.16251e-06	
6500.000000	0.0687539 	6500.000000	0.0583273 	6500.000000	0.0495676 	6500.000000	0.0492454 	6500.000000	0.0583262 	6500.000000	1.07909e-06	
7000.000000	0.0723538 	7000.000000	0.0600592 	7000.000000	0.0499779 	7000.000000	0.0496565 	7000.000000	0.0600582 	7000.000000	1.00717e-06	
7500.000000	0.0760748 	7500.000000	0.0618052 	7500.000000	0.0503679 	7500.000000	0.0500481 	7500.000000	0.0618042 	7500.000000	9.44508e-07	
8000.000000	0.0799124 	8000.000000	0.0635617 	8000.000000	0.0507402 	8000.000000	0.0504212 	8000.000000	0.0635608 	8000.000000	8.89407e-07	
8500.000000	0.0838628 	8500.000000	0.0653263 	8500.000000	0.0510961 	8500.000000	0.050777  	8500.000000	0.0653255 	8500.000000	8.40564e-07	
9000.000000	0.0879235 	9000.000000	0.0670969 	9000.000000	0.0514359 	9000.000000	0.0511167 	9000.000000	0.0670962 	9000.000000	7.9696e-07	
9500.000000	0.0920923 	9500.000000	0.0688721 	9500.000000	0.0517596 	9500.000000	0.0514413 	9500.000000	0.0688713 	9500.000000	7.57788e-07	
10000.000000	0.0963676 	10000.000000	0.0706505 	10000.000000	0.0520681 	10000.000000	0.0517518 	10000.000000	0.0706498 	10000.000000	7.22398e-07	
11000.000000	0.105233  	11000.000000	0.0742137 	11000.000000	0.0526479 	11000.000000	0.0523347 	11000.000000	0.074213  	11000.000000	6.60947e-07	
12000.000000	0.114513  	12000.000000	0.077781  	12000.000000	0.0531855 	12000.000000	0.0528721 	12000.000000	0.0777804 	12000.000000	6.09401e-07	
13000.000000	0.124203  	13000.000000	0.081349  	13000.000000	0.053683  	13000.000000	0.0533699 	13000.000000	0.0813485 	13000.000000	5.65524e-07	
14000.000000	0.134303  	14000.000000	0.0849153 	14000.000000	0.0541436 	14000.000000	0.0538331 	14000.000000	0.0849148 	14000.000000	5.27709e-07	
15000.000000	0.14481   	15000.000000	0.0884784 	15000.000000	0.0545723 	15000.000000	0.0542656 	15000.000000	0.0884779 	15000.000000	4.94769e-07	
16000.000000	0.155726  	16000.000000	0.0920372 	16000.000000	0.0549738 	16000.000000	0.054671  	16000.000000	0.0920368 	16000.000000	4.65812e-07	
17000.000000	0.167051  	17000.000000	0.0955911 	17000.000000	0.055352  	17000.000000	0.0550522 	17000.000000	0.0955906 	17000.000000	4.40148e-07	
18000.000000	0.178788  	18000.000000	0.0991396 	18000.000000	0.0557093 	18000.000000	0.0554117 	18000.000000	0.0991391 	18000.000000	4.17243e-07	
19000.000000	0.190938  	19000.000000	0.102682  	19000.000000	0.056048  	19000.000000	0.0557518 	19000.000000	0.102682  	19000.000000	3.96669e-07	
20000.000000	0.203504  	20000.000000	0.106219  	20000.000000	0.0563696 	20000.000000	0.0560742 	20000.000000	0.106219  	20000.000000	3.78086e-07	
21000.000000	0.216488  	21000.000000	0.10975   	21000.000000	0.0566748 	21000.000000	0.0563806 	21000.000000	0.10975   	21000.000000	3.61213e-07	
22000.000000	0.229893  	22000.000000	0.113276  	22000.000000	0.0569632 	22000.000000	0.0566724 	22000.000000	0.113275  	22000.000000	3.45825e-07	
23000.000000	0.243723  	23000.000000	0.116795  	23000.000000	0.0572384 	23000.000000	0.0569508 	23000.000000	0.116794  	23000.000000	3.31731e-07	
24000.000000	0.257979  	24000.000000	0.120308  	24000.000000	0.0575018 	24000.000000	0.057217  	24000.000000	0.120308  	24000.000000	3.18773e-07	
25000.000000	0.272666  	25000.000000	0.123816  	25000.000000	0.0577537 	25000.000000	0.0574719 	25000.000000	0.123815  	25000.000000	3.06817e-07	
26000.000000	0.287786  	26000.000000	0.127318  	26000.000000	0.0579953 	26000.000000	0.0577164 	26000.000000	0.127317  	26000.000000	2.95752e-07	
27000.000000	0.303344  	27000.000000	0.130814  	27000.000000	0.0582274 	27000.000000	0.0579512 	27000.000000	0.130814  	27000.000000	2.85479e-07	
28000.000000	0.319341  	28000.000000	0.134305  	28000.000000	0.0584505 	28000.000000	0.0581771 	28000.000000	0.134305  	28000.000000	2.75916e-07	
29000.000000	0.335783  	29000.000000	0.137791  	29000.000000	0.058665  	29000.000000	0.0583947 	29000.000000	0.13779   	29000.000000	2.66991e-07	
30000.000000	0.352673  	30000.000000	0.141271  	30000.000000	0.0588715 	30000.000000	0.0586044 	30000.000000	0.141271  	30000.000000	2.58642e-07	
32000.000000	0.387809  	32000.000000	0.148217  	32000.000000	0.0592626 	32000.000000	0.0590026 	32000.000000	0.148216  	32000.000000	2.4346e-07	
34000.000000	0.424779  	34000.000000	0.155142  	34000.000000	0.0596279 	34000.000000	0.0593751 	34000.000000	0.155142  	34000.000000	2.30008e-07	
36000.000000	0.463614  	36000.000000	0.16205   	36000.000000	0.0599693 	36000.000000	0.059725  	36000.000000	0.162049  	36000.000000	2.18003e-07	
38000.000000	0.504344  	38000.000000	0.168939  	38000.000000	0.0602892 	38000.000000	0.0600547 	38000.000000	0.168939  	38000.000000	2.07222e-07	
40000.000000	0.546999  	40000.000000	0.175811  	40000.000000	0.0605903 	40000.000000	0.0603662 	40000.000000	0.175811  	40000.000000	1.97486e-07	
42000.000000	0.591612  	42000.000000	0.182667  	42000.000000	0.0608752 	42000.000000	0.0606615 	42000.000000	0.182667  	42000.000000	1.88648e-07	
44000.000000	0.638213  	44000.000000	0.189507  	44000.000000	0.0611457 	44000.000000	0.060942  	44000.000000	0.189507  	44000.000000	1.80588e-07	
46000.000000	0.686835  	46000.000000	0.196332  	46000.000000	0.0614035 	46000.000000	0.061209  	46000.000000	0.196332  	46000.000000	1.73207e-07	
48000.000000	0.73751   	48000.000000	0.203143  	48000.000000	0.0616492 	48000.000000	0.0614638 	48000.000000	0.203143  	48000.000000	1.66422e-07	
50000.000000	0.79027   	50000.000000	0.20994   	50000.000000	0.0618832 	50000.000000	0.0617074 	50000.000000	0.20994   	50000.000000	1.60163e-07	
